subjinfo.emg_data = 'yes';
subjinfo.emg_data = 'yes';
subjinfo.allFp_Ts = [  ];
subjinfo.allOmissions_Ts = [ 161 ];
subjinfo.allHits_Ts = [ 8    9   17   21   22   26   27   31   32   36   43   44   48   53   57   58   65   68   73   79   83   84   92   93   98   99  103  108  112  115  118  121  122  130  131  135  136  140  141  148  149  162  168  173  176  183  188  193  194  199  204  205  208  213  216  222  226  231  236  239  242  243  254  262  263  268  269  273  278  279  282  283  287  292  293  301  306  309  310  319  324  329  330  334  342  343  346  349  353  358  359    4    7   13   16   20   25   30   35   39   42   47   52   56   60   64   67   72   76   78   82   88   91   97  102  107  111  114  117  120  126  129  134  139  143  147  152  154  156  160  164  167  172  175  179  182  187  192  198  203  207  212  215  219  221  225  230  235  238  241  246  248  251  253  257  261  267  272  277  281  286  291  296  298  300  305  308  314  318  323  328  333  338  341  345  348  352  357    2    3    6   11   12   15   19   24   29   34   38   41   46   50   51   55   62   63   70   71   75   81   86   87   90   95   96  101  105  106  110  124  125  128  133  138  145  146  151  158  159  166  170  171  178  181  185  186  190  191  196  197  201  202  210  211  218  224  228  229  233  234  245  250  256  259  260  265  266  271  275  276  285  289  290  295  303  304  312  313  316  317  321  322  326  327  332  336  337  340  351  355  356    1    5   10   14   18   23   28   33   37   40   45   49   54   59   61   66   69   74   77   80   85   89   94  100  104  109  113  116  119  123  127  132  137  142  144  150  153  155  157  163  165  169  174  177  180  184  189  195  200  206  209  214  217  220  223  227  232  237  240  244  247  249  252  255  258  264  270  274  280  284  288  294  297  299  302  307  311  315  320  325  331  335  339  344  347  350  354 ];
subjinfo.nFP_Ts = [ 0 ];
subjinfo.nOmissions_Ts = [ 1 ];
subjinfo.nHits_Ts = [ 358 ];
subjinfo.AN_meanRT_Ts = [ 0.56794 ];
subjinfo.AN_sdRT_Ts = [ 0.15434 ];
subjinfo.HA_meanRT_Ts = [ 0.57135 ];
subjinfo.HA_sdRT_Ts = [ 0.12987 ];
subjinfo.val_meanRT_Ts = [ 0.57169 ];
subjinfo.val_sdRT_Ts = [ 0.17728 ];
subjinfo.inval_meanRT_Ts = [ 0.57765 ];
subjinfo.inval_sdRT_Ts = [ 0.12678 ];
subjinfo.AN_val_1_nOmissionTrials_Ts_fine = [ 1 ];
subjinfo.AN_val_1_nFpTrials_Ts_fine = [ 0 ];
subjinfo.AN_val_1_nHitTrials_Ts_fine = [ 64 ];
subjinfo.AN_val_2_nOmissionTrials_Ts_fine = [ 0 ];
subjinfo.AN_val_2_nFpTrials_Ts_fine = [ 0 ];
subjinfo.AN_val_2_nHitTrials_Ts_fine = [ 27 ];
subjinfo.AN_inval_1_nOmissionTrials_Ts_fine = [ 0 ];
subjinfo.AN_inval_1_nFpTrials_Ts_fine = [ 0 ];
subjinfo.AN_inval_1_nHitTrials_Ts_fine = [ 16 ];
subjinfo.AN_inval_2_nOmissionTrials_Ts_fine = [ 0 ];
subjinfo.AN_inval_2_nFpTrials_Ts_fine = [ 0 ];
subjinfo.AN_inval_2_nHitTrials_Ts_fine = [ 33 ];
subjinfo.AN_inval_3_nOmissionTrials_Ts_fine = [ 0 ];
subjinfo.AN_inval_3_nFpTrials_Ts_fine = [ 0 ];
subjinfo.AN_inval_3_nHitTrials_Ts_fine = [ 38 ];
subjinfo.HA_val_1_nOmissionTrials_Ts_fine = [ 1 ];
subjinfo.HA_val_1_nFpTrials_Ts_fine = [ 0 ];
subjinfo.HA_val_1_nHitTrials_Ts_fine = [ 62 ];
subjinfo.HA_val_2_nOmissionTrials_Ts_fine = [ 0 ];
subjinfo.HA_val_2_nFpTrials_Ts_fine = [ 0 ];
subjinfo.HA_val_2_nHitTrials_Ts_fine = [ 30 ];
subjinfo.HA_inval_1_nOmissionTrials_Ts_fine = [ 0 ];
subjinfo.HA_inval_1_nFpTrials_Ts_fine = [ 0 ];
subjinfo.HA_inval_1_nHitTrials_Ts_fine = [ 16 ];
subjinfo.HA_inval_2_nOmissionTrials_Ts_fine = [ 0 ];
subjinfo.HA_inval_2_nFpTrials_Ts_fine = [ 0 ];
subjinfo.HA_inval_2_nHitTrials_Ts_fine = [ 38 ];
subjinfo.HA_inval_3_nOmissionTrials_Ts_fine = [ 1 ];
subjinfo.HA_inval_3_nFpTrials_Ts_fine = [ 0 ];
subjinfo.HA_inval_3_nHitTrials_Ts_fine = [ 32 ];
subjinfo.AN_val_1_meanRT_Ts_fine = [ 0.55676 ];
subjinfo.AN_val_1_sdRT_Ts_fine = [ 0.19131 ];
subjinfo.AN_val_2_meanRT_Ts_fine = [ 0.58015 ];
subjinfo.AN_val_2_sdRT_Ts_fine = [ 0.14043 ];
subjinfo.AN_inval_1_meanRT_Ts_fine = [ 0.57959 ];
subjinfo.AN_inval_1_sdRT_Ts_fine = [ 0.10606 ];
subjinfo.AN_inval_2_meanRT_Ts_fine = [ 0.56297 ];
subjinfo.AN_inval_2_sdRT_Ts_fine = [ 0.13766 ];
subjinfo.AN_inval_3_meanRT_Ts_fine = [ 0.5405 ];
subjinfo.AN_inval_3_sdRT_Ts_fine = [ 0.12664 ];
subjinfo.HA_val_1_meanRT_Ts_fine = [ 0.61076 ];
subjinfo.HA_val_1_sdRT_Ts_fine = [ 0.12584 ];
subjinfo.HA_val_2_meanRT_Ts_fine = [ 0.66823 ];
subjinfo.HA_val_2_sdRT_Ts_fine = [ 0.15144 ];
subjinfo.HA_inval_1_meanRT_Ts_fine = [ 0.69971 ];
subjinfo.HA_inval_1_sdRT_Ts_fine = [ 0.1412 ];
subjinfo.HA_inval_2_meanRT_Ts_fine = [ 0.66468 ];
subjinfo.HA_inval_2_sdRT_Ts_fine = [ 0.16935 ];
subjinfo.HA_inval_3_meanRT_Ts_fine = [ 0.61377 ];
subjinfo.HA_inval_3_sdRT_Ts_fine = [ 0.090195 ];
subjinfo.AN_val_1_propHit_Ts_fine = [ 0.98462 ];
subjinfo.AN_val_1_propOm_Ts_fine = [ 0.015385 ];
subjinfo.AN_val_1_propFP_Ts_fine = [ 0 ];
subjinfo.AN_val_2_propHit_Ts_fine = [ 1 ];
subjinfo.AN_val_2_propOm_Ts_fine = [ 0 ];
subjinfo.AN_val_2_propFP_Ts_fine = [ 0 ];
subjinfo.AN_inval_1_propHit_Ts_fine = [ 1 ];
subjinfo.AN_inval_1_propOm_Ts_fine = [ 0 ];
subjinfo.AN_inval_1_propFP_Ts_fine = [ 0 ];
subjinfo.AN_inval_2_propHit_Ts_fine = [ 1 ];
subjinfo.AN_inval_2_propOm_Ts_fine = [ 0 ];
subjinfo.AN_inval_2_propFP_Ts_fine = [ 0 ];
subjinfo.AN_inval_3_propHit_Ts_fine = [ 1 ];
subjinfo.AN_inval_3_propOm_Ts_fine = [ 0 ];
subjinfo.AN_inval_3_propFP_Ts_fine = [ 0 ];
subjinfo.HA_val_1_propHit_Ts_fine = [ 0.98413 ];
subjinfo.HA_val_1_propOm_Ts_fine = [ 0.015873 ];
subjinfo.HA_val_1_propFP_Ts_fine = [ 0 ];
subjinfo.HA_val_2_propHit_Ts_fine = [ 1 ];
subjinfo.HA_val_2_propOm_Ts_fine = [ 0 ];
subjinfo.HA_val_2_propFP_Ts_fine = [ 0 ];
subjinfo.HA_inval_1_propHit_Ts_fine = [ 1 ];
subjinfo.HA_inval_1_propOm_Ts_fine = [ 0 ];
subjinfo.HA_inval_1_propFP_Ts_fine = [ 0 ];
subjinfo.HA_inval_2_propHit_Ts_fine = [ 1 ];
subjinfo.HA_inval_2_propOm_Ts_fine = [ 0 ];
subjinfo.HA_inval_2_propFP_Ts_fine = [ 0 ];
subjinfo.HA_inval_3_propHit_Ts_fine = [ 0.9697 ];
subjinfo.HA_inval_3_propOm_Ts_fine = [ 0.030303 ];
subjinfo.HA_inval_3_propFP_Ts_fine = [ 0 ];
subjinfo.allFp_Ts_fine = [  ];
subjinfo.allOmissions_Ts_fine = [ 161  133  100 ];
subjinfo.allHits_Ts_fine = [ 8   17   21   26   31   36   43   48   53   57   65   68   73   79   83   92   98  103  108  112  115  118  121  130  135  140  148  168  173  176  183  188  193  199  204  208  213  216  222  226  231  236  239  242  254  262  268  273  278  282  287  292  301  306  309  319  324  329  334  342  346  349  353  358    9   22   27   32   44   58   84   93   99  122  131  136  141  149  162  194  205  243  263  269  279  283  293  310  330  343  359   60   67  114  117  120  143  164  175  207  215  238  241  281  308  345  348    7   16   20   25   30   35   39   42   47   56   76   82   91  102  111  129  134  139  152  167  179  182  219  225  246  251  257  272  286  296  333  341  352    4   13   52   64   72   78   88   97  107  126  147  154  156  160  172  187  192  198  203  212  221  230  235  248  253  261  267  277  291  298  300  305  314  318  323  328  338  357    2    6   11   15   19   24   29   34   38   41   46   50   55   62   70   75   81   86   90   95  101  105  110  124  128  138  145  151  158  166  170  178  181  185  190  196  201  210  218  224  228  233  245  250  256  259  265  271  275  285  289  295  303  312  316  321  326  332  336  340  351  355    3   12   51   63   71   87   96  106  125  146  159  171  186  191  197  202  211  229  234  260  266  276  290  304  313  317  322  327  337  356    1    5   14   40   77   89  127  153  180  220  247  252  258  297  315  339   18   37   49   54   66   69   74   80  104  109  113  116  119  169  174  177  184  189  200  209  214  217  223  227  232  237  240  255  274  288  302  307  320  325  335  347  350  354   10   23   28   33   45   59   61   85   94  123  132  137  142  144  150  155  157  163  165  195  206  244  249  264  270  280  284  294  299  311  331  344 ];
