subjinfo.allFp_Ts = [  ];
subjinfo.allOmissions_Ts = [  ];
subjinfo.allHits_Ts = [ 2   12   15   20   21   26   27   32   37   38   43   44   52   53   62   63   68   73   76   87   91   92   98   99  104  105  109  113  114  119  124  125  133  138  139  145  146  149  150  157  167  168  173  178  179  184  185  189  190  197  198  204  209  210  214  217  218  222  223  234  239  240  245  246  249  254  255  259  264  280  283  287  288  295  296  301  304  305  308  316  317  322  323  331  339  343  346  347  351    1    4    7   11   14   19   25   29   31   36   40   42   47   51   55   59   61   67   72   75   79   83   86   90   95   97  103  108  112  116  118  123  129  132  137  142  144  148  156  159  162  166  172  175  177  183  188  192  196  201  203  208  212  213  216  221  227  231  233  238  244  248  253  258  263  267  269  271  275  279  282  286  292  294  300  303  307  311  315  321  325  328  330  334  338  342  345  350    3    6    9   10   17   18   23   24   34   35   46   49   50   57   58   65   66   70   71   78   81   82   85   89   94  101  102  107  111  117  121  122  127  128  131  135  136  141  153  155  161  164  165  170  171  181  182  187  194  195  200  206  207  220  225  226  229  230  236  237  242  243  251  252  257  261  262  266  273  274  277  278  285  290  291  298  299  310  313  314  319  320  327  333  336  337  341  349    5    8   13   16   22   28   30   33   39   41   45   48   54   56   60   64   69   74   77   80   84   88   93   96  100  106  110  115  120  126  130  134  140  143  147  151  152  154  158  160  163  169  174  176  180  186  191  193  199  202  205  211  215  219  224  228  232  235  241  247  250  256  260  265  268  270  272  276  281  284  289  293  297  302  306  309  312  318  324  326  329  332  335  340  344  348  352  353 ];
subjinfo.nFP_Ts = [ 0 ];
subjinfo.nOmissions_Ts = [ 0 ];
subjinfo.nHits_Ts = [ 353 ];
subjinfo.AN_meanRT_Ts = [ 0.51571 ];
subjinfo.AN_sdRT_Ts = [ 0.08119 ];
subjinfo.HA_meanRT_Ts = [ 0.36603 ];
subjinfo.HA_sdRT_Ts = [ 0.15422 ];
subjinfo.val_meanRT_Ts = [ 0.51642 ];
subjinfo.val_sdRT_Ts = [ 0.06701 ];
subjinfo.inval_meanRT_Ts = [ 0.51456 ];
subjinfo.inval_sdRT_Ts = [ 0.090147 ];
subjinfo.AN_val_1_nOmissionTrials_Ts_fine = [ 0 ];
subjinfo.AN_val_1_nFpTrials_Ts_fine = [ 0 ];
subjinfo.AN_val_1_nHitTrials_Ts_fine = [ 57 ];
subjinfo.AN_val_2_nOmissionTrials_Ts_fine = [ 0 ];
subjinfo.AN_val_2_nFpTrials_Ts_fine = [ 0 ];
subjinfo.AN_val_2_nHitTrials_Ts_fine = [ 31 ];
subjinfo.AN_inval_1_nOmissionTrials_Ts_fine = [ 0 ];
subjinfo.AN_inval_1_nFpTrials_Ts_fine = [ 0 ];
subjinfo.AN_inval_1_nHitTrials_Ts_fine = [ 20 ];
subjinfo.AN_inval_2_nOmissionTrials_Ts_fine = [ 0 ];
subjinfo.AN_inval_2_nFpTrials_Ts_fine = [ 0 ];
subjinfo.AN_inval_2_nHitTrials_Ts_fine = [ 26 ];
subjinfo.AN_inval_3_nOmissionTrials_Ts_fine = [ 0 ];
subjinfo.AN_inval_3_nFpTrials_Ts_fine = [ 0 ];
subjinfo.AN_inval_3_nHitTrials_Ts_fine = [ 43 ];
subjinfo.HA_val_1_nOmissionTrials_Ts_fine = [ 0 ];
subjinfo.HA_val_1_nFpTrials_Ts_fine = [ 0 ];
subjinfo.HA_val_1_nHitTrials_Ts_fine = [ 58 ];
subjinfo.HA_val_2_nOmissionTrials_Ts_fine = [ 0 ];
subjinfo.HA_val_2_nFpTrials_Ts_fine = [ 1 ];
subjinfo.HA_val_2_nHitTrials_Ts_fine = [ 30 ];
subjinfo.HA_inval_1_nOmissionTrials_Ts_fine = [ 0 ];
subjinfo.HA_inval_1_nFpTrials_Ts_fine = [ 0 ];
subjinfo.HA_inval_1_nHitTrials_Ts_fine = [ 20 ];
subjinfo.HA_inval_2_nOmissionTrials_Ts_fine = [ 0 ];
subjinfo.HA_inval_2_nFpTrials_Ts_fine = [ 0 ];
subjinfo.HA_inval_2_nHitTrials_Ts_fine = [ 25 ];
subjinfo.HA_inval_3_nOmissionTrials_Ts_fine = [ 0 ];
subjinfo.HA_inval_3_nFpTrials_Ts_fine = [ 0 ];
subjinfo.HA_inval_3_nHitTrials_Ts_fine = [ 43 ];
subjinfo.AN_val_1_meanRT_Ts_fine = [ 0.49959 ];
subjinfo.AN_val_1_sdRT_Ts_fine = [ 0.07138 ];
subjinfo.AN_val_2_meanRT_Ts_fine = [ 0.51941 ];
subjinfo.AN_val_2_sdRT_Ts_fine = [ 0.051185 ];
subjinfo.AN_inval_1_meanRT_Ts_fine = [ 0.53125 ];
subjinfo.AN_inval_1_sdRT_Ts_fine = [ 0.085844 ];
subjinfo.AN_inval_2_meanRT_Ts_fine = [ 0.49038 ];
subjinfo.AN_inval_2_sdRT_Ts_fine = [ 0.09117 ];
subjinfo.AN_inval_3_meanRT_Ts_fine = [ 0.50872 ];
subjinfo.AN_inval_3_sdRT_Ts_fine = [ 0.099191 ];
subjinfo.HA_val_1_meanRT_Ts_fine = [ 0.3715 ];
subjinfo.HA_val_1_sdRT_Ts_fine = [ 0.069156 ];
subjinfo.HA_val_2_meanRT_Ts_fine = [ 0.46484 ];
subjinfo.HA_val_2_sdRT_Ts_fine = [ 0.22896 ];
subjinfo.HA_inval_1_meanRT_Ts_fine = [ 0.37109 ];
subjinfo.HA_inval_1_sdRT_Ts_fine = [ 0.055272 ];
subjinfo.HA_inval_2_meanRT_Ts_fine = [ 0.3775 ];
subjinfo.HA_inval_2_sdRT_Ts_fine = [ 0.067422 ];
subjinfo.HA_inval_3_meanRT_Ts_fine = [ 0.39063 ];
subjinfo.HA_inval_3_sdRT_Ts_fine = [ 0.13711 ];
subjinfo.AN_val_1_propHit_Ts_fine = [ 1 ];
subjinfo.AN_val_1_propOm_Ts_fine = [ 0 ];
subjinfo.AN_val_1_propFP_Ts_fine = [ 0 ];
subjinfo.AN_val_2_propHit_Ts_fine = [ 1 ];
subjinfo.AN_val_2_propOm_Ts_fine = [ 0 ];
subjinfo.AN_val_2_propFP_Ts_fine = [ 0 ];
subjinfo.AN_inval_1_propHit_Ts_fine = [ 1 ];
subjinfo.AN_inval_1_propOm_Ts_fine = [ 0 ];
subjinfo.AN_inval_1_propFP_Ts_fine = [ 0 ];
subjinfo.AN_inval_2_propHit_Ts_fine = [ 1 ];
subjinfo.AN_inval_2_propOm_Ts_fine = [ 0 ];
subjinfo.AN_inval_2_propFP_Ts_fine = [ 0 ];
subjinfo.AN_inval_3_propHit_Ts_fine = [ 1 ];
subjinfo.AN_inval_3_propOm_Ts_fine = [ 0 ];
subjinfo.AN_inval_3_propFP_Ts_fine = [ 0 ];
subjinfo.HA_val_1_propHit_Ts_fine = [ 1 ];
subjinfo.HA_val_1_propOm_Ts_fine = [ 0 ];
subjinfo.HA_val_1_propFP_Ts_fine = [ 0 ];
subjinfo.HA_val_2_propHit_Ts_fine = [ 0.96774 ];
subjinfo.HA_val_2_propOm_Ts_fine = [ 0 ];
subjinfo.HA_val_2_propFP_Ts_fine = [ 0.032258 ];
subjinfo.HA_inval_1_propHit_Ts_fine = [ 1 ];
subjinfo.HA_inval_1_propOm_Ts_fine = [ 0 ];
subjinfo.HA_inval_1_propFP_Ts_fine = [ 0 ];
subjinfo.HA_inval_2_propHit_Ts_fine = [ 1 ];
subjinfo.HA_inval_2_propOm_Ts_fine = [ 0 ];
subjinfo.HA_inval_2_propFP_Ts_fine = [ 0 ];
subjinfo.HA_inval_3_propHit_Ts_fine = [ 1 ];
subjinfo.HA_inval_3_propOm_Ts_fine = [ 0 ];
subjinfo.HA_inval_3_propFP_Ts_fine = [ 0 ];
subjinfo.emg_data = 'yes';
subjinfo.emg_data = 'yes';
subjinfo.AN_val_nOmissionTrials_Rp = [ 0 ];
subjinfo.AN_val_nFpTrials_Rp = [ 0 ];
subjinfo.AN_val_nHitTrials_Rp = [ 73 ];
subjinfo.AN_inval_nOmissionTrials_Rp = [ 0 ];
subjinfo.AN_inval_nFpTrials_Rp = [ 0 ];
subjinfo.AN_inval_nHitTrials_Rp = [ 19 ];
subjinfo.HA_val_nOmissionTrials_Rp = [ 0 ];
subjinfo.HA_val_nFpTrials_Rp = [ 4 ];
subjinfo.HA_val_nHitTrials_Rp = [ 73 ];
subjinfo.HA_inval_nOmissionTrials_Rp = [ 0 ];
subjinfo.HA_inval_nFpTrials_Rp = [ 0 ];
subjinfo.HA_inval_nHitTrials_Rp = [ 20 ];
subjinfo.allFp_Rp = [ 117  140  173  193 ];
subjinfo.allOmissions_Rp = [  ];
subjinfo.allHits_Rp = [ 2    3    7    9   11   13   14   15   16   17   18   23   25   27   28   38   42   47   52   53   54   62   66   68   74   76   78   80   81   84   85   90   91  100  101  102  103  104  106  107  113  114  119  120  122  124  131  132  135  136  139  141  143  148  149  153  155  156  157  162  164  171  174  178  180  183  185  188  189  192  194  195  198    6   19   35   45   48   77   79   92   93   98  118  142  167  168  176  177  181  184  197    1    8   10   12   20   21   22   24   31   33   34   36   40   44   51   55   56   57   58   59   60   61   63   64   65   67   69   70   71   72   73   83   86   88   94   95   96   97   99  105  108  109  110  111  112  115  121  123  125  126  127  128  129  130  133  134  138  145  146  150  152  159  160  161  163  175  179  182  186  190  196  199  200   26   30   32   37   39   41   43   75   82   87   89  116  137  151  154  166  170  172  187  191 ];
subjinfo.nFP_Rp = [ 4 ];
subjinfo.nOmissions_Rp = [ 0 ];
subjinfo.nHits_Rp = [ 185 ];
subjinfo.AN_val_meanRT_Rp = [ 0.55137 ];
subjinfo.AN_val_sdRT_Rp = [ 0.1395 ];
subjinfo.AN_inval_meanRT_Rp = [ 0.61678 ];
subjinfo.AN_inval_sdRT_Rp = [ 0.14456 ];
subjinfo.HA_val_meanRT_Rp = [ 0.49262 ];
subjinfo.HA_val_sdRT_Rp = [ 0.36012 ];
subjinfo.HA_inval_meanRT_Rp = [ 0.49023 ];
subjinfo.HA_inval_sdRT_Rp = [ 0.16786 ];
