subjinfo.allFp_Ts = [ 140 ];
subjinfo.allOmissions_Ts = [ 337 ];
subjinfo.allHits_Ts = [ 1    8   11   12   22   23   26   27   31   35   38   39   43   44   48   53   54   71   72   82   86   87   90   94   95  104  105  112  117  123  124  131  132  135  136  151  152  157  158  165  171  172  176  180  184  190  191  195  196  200  203  204  208  227  228  231  232  240  246  247  251  252  256  257  261  265  266  270  271  281  282  289  290  295  302  308  312  319  320  323  327  328    7   10   16   19   21   25   30   34   37   42   47   52   58   60   63   67   70   74   77   79   81   85   89   99  103  111  116  120  128  130  134  139  143  148  150  156  160  164  168  170  175  179  183  187  189  194  199  202  207  215  218  221  224  226  230  236  239  242  245  250  255  260  264  269  274  276  278  280  284  288  294  299  301  304  307  315  318  322  326  332    3    5    6   14   15   18   29   33   41   46   50   51   56   57   62   65   66   69   76   84   92   93   97   98  101  102  107  108  110  114  115  119  122  126  127  138  142  146  147  154  155  162  163  167  174  178  182  186  193  198  206  210  211  213  214  217  220  223  234  235  238  244  249  254  258  259  263  268  273  286  287  292  293  297  298  306  310  311  314  317  325  330  331  334  335    2    4    9   13   17   20   24   28   32   36   40   45   49   55   59   61   64   68   73   75   78   80   83   88   91   96  100  106  109  113  118  121  125  129  133  137  141  144  145  149  153  159  161  166  169  173  177  181  185  188  192  197  201  205  209  212  216  219  222  225  229  233  237  241  243  248  253  262  267  272  275  277  279  283  285  291  296  300  303  305  309  313  316  321  324  329  333  336 ];
subjinfo.nFP_Ts = [ 1 ];
subjinfo.nOmissions_Ts = [ 1 ];
subjinfo.nHits_Ts = [ 335 ];
subjinfo.AN_meanRT_Ts = [ 0.74585 ];
subjinfo.AN_sdRT_Ts = [ 0.19671 ];
subjinfo.HA_meanRT_Ts = [ 0.50266 ];
subjinfo.HA_sdRT_Ts = [ 0.31791 ];
subjinfo.val_meanRT_Ts = [ 0.71618 ];
subjinfo.val_sdRT_Ts = [ 0.19408 ];
subjinfo.inval_meanRT_Ts = [ 0.7746 ];
subjinfo.inval_sdRT_Ts = [ 0.19146 ];
subjinfo.AN_val_1_nOmissionTrials_Ts_fine = [ 0 ];
subjinfo.AN_val_1_nFpTrials_Ts_fine = [ 1 ];
subjinfo.AN_val_1_nHitTrials_Ts_fine = [ 48 ];
subjinfo.AN_val_2_nOmissionTrials_Ts_fine = [ 0 ];
subjinfo.AN_val_2_nFpTrials_Ts_fine = [ 0 ];
subjinfo.AN_val_2_nHitTrials_Ts_fine = [ 32 ];
subjinfo.AN_inval_1_nOmissionTrials_Ts_fine = [ 0 ];
subjinfo.AN_inval_1_nFpTrials_Ts_fine = [ 0 ];
subjinfo.AN_inval_1_nHitTrials_Ts_fine = [ 16 ];
subjinfo.AN_inval_2_nOmissionTrials_Ts_fine = [ 0 ];
subjinfo.AN_inval_2_nFpTrials_Ts_fine = [ 0 ];
subjinfo.AN_inval_2_nHitTrials_Ts_fine = [ 29 ];
subjinfo.AN_inval_3_nOmissionTrials_Ts_fine = [ 0 ];
subjinfo.AN_inval_3_nFpTrials_Ts_fine = [ 0 ];
subjinfo.AN_inval_3_nHitTrials_Ts_fine = [ 35 ];
subjinfo.HA_val_1_nOmissionTrials_Ts_fine = [ 5 ];
subjinfo.HA_val_1_nFpTrials_Ts_fine = [ 0 ];
subjinfo.HA_val_1_nHitTrials_Ts_fine = [ 51 ];
subjinfo.HA_val_2_nOmissionTrials_Ts_fine = [ 3 ];
subjinfo.HA_val_2_nFpTrials_Ts_fine = [ 0 ];
subjinfo.HA_val_2_nHitTrials_Ts_fine = [ 24 ];
subjinfo.HA_inval_1_nOmissionTrials_Ts_fine = [ 4 ];
subjinfo.HA_inval_1_nFpTrials_Ts_fine = [ 0 ];
subjinfo.HA_inval_1_nHitTrials_Ts_fine = [ 15 ];
subjinfo.HA_inval_2_nOmissionTrials_Ts_fine = [ 2 ];
subjinfo.HA_inval_2_nFpTrials_Ts_fine = [ 0 ];
subjinfo.HA_inval_2_nHitTrials_Ts_fine = [ 19 ];
subjinfo.HA_inval_3_nOmissionTrials_Ts_fine = [ 2 ];
subjinfo.HA_inval_3_nFpTrials_Ts_fine = [ 0 ];
subjinfo.HA_inval_3_nHitTrials_Ts_fine = [ 34 ];
subjinfo.AN_val_1_meanRT_Ts_fine = [ 0.72673 ];
subjinfo.AN_val_1_sdRT_Ts_fine = [ 0.19508 ];
subjinfo.AN_val_2_meanRT_Ts_fine = [ 0.7041 ];
subjinfo.AN_val_2_sdRT_Ts_fine = [ 0.22761 ];
subjinfo.AN_inval_1_meanRT_Ts_fine = [ 0.77783 ];
subjinfo.AN_inval_1_sdRT_Ts_fine = [ 0.1813 ];
subjinfo.AN_inval_2_meanRT_Ts_fine = [ 0.75458 ];
subjinfo.AN_inval_2_sdRT_Ts_fine = [ 0.20629 ];
subjinfo.AN_inval_3_meanRT_Ts_fine = [ 0.77812 ];
subjinfo.AN_inval_3_sdRT_Ts_fine = [ 0.19489 ];
subjinfo.HA_val_1_meanRT_Ts_fine = [ 1.0103 ];
subjinfo.HA_val_1_sdRT_Ts_fine = [ 0.4985 ];
subjinfo.HA_val_2_meanRT_Ts_fine = [ 0.94759 ];
subjinfo.HA_val_2_sdRT_Ts_fine = [ 0.47367 ];
subjinfo.HA_inval_1_meanRT_Ts_fine = [ 0.77083 ];
subjinfo.HA_inval_1_sdRT_Ts_fine = [ 0.36217 ];
subjinfo.HA_inval_2_meanRT_Ts_fine = [ 0.93174 ];
subjinfo.HA_inval_2_sdRT_Ts_fine = [ 0.62654 ];
subjinfo.HA_inval_3_meanRT_Ts_fine = [ 0.89522 ];
subjinfo.HA_inval_3_sdRT_Ts_fine = [ 0.51932 ];
subjinfo.AN_val_1_propHit_Ts_fine = [ 0.97959 ];
subjinfo.AN_val_1_propOm_Ts_fine = [ 0 ];
subjinfo.AN_val_1_propFP_Ts_fine = [ 0.020408 ];
subjinfo.AN_val_2_propHit_Ts_fine = [ 1 ];
subjinfo.AN_val_2_propOm_Ts_fine = [ 0 ];
subjinfo.AN_val_2_propFP_Ts_fine = [ 0 ];
subjinfo.AN_inval_1_propHit_Ts_fine = [ 1 ];
subjinfo.AN_inval_1_propOm_Ts_fine = [ 0 ];
subjinfo.AN_inval_1_propFP_Ts_fine = [ 0 ];
subjinfo.AN_inval_2_propHit_Ts_fine = [ 1 ];
subjinfo.AN_inval_2_propOm_Ts_fine = [ 0 ];
subjinfo.AN_inval_2_propFP_Ts_fine = [ 0 ];
subjinfo.AN_inval_3_propHit_Ts_fine = [ 1 ];
subjinfo.AN_inval_3_propOm_Ts_fine = [ 0 ];
subjinfo.AN_inval_3_propFP_Ts_fine = [ 0 ];
subjinfo.HA_val_1_propHit_Ts_fine = [ 0.91071 ];
subjinfo.HA_val_1_propOm_Ts_fine = [ 0.089286 ];
subjinfo.HA_val_1_propFP_Ts_fine = [ 0 ];
subjinfo.HA_val_2_propHit_Ts_fine = [ 0.88889 ];
subjinfo.HA_val_2_propOm_Ts_fine = [ 0.11111 ];
subjinfo.HA_val_2_propFP_Ts_fine = [ 0 ];
subjinfo.HA_inval_1_propHit_Ts_fine = [ 0.78947 ];
subjinfo.HA_inval_1_propOm_Ts_fine = [ 0.21053 ];
subjinfo.HA_inval_1_propFP_Ts_fine = [ 0 ];
subjinfo.HA_inval_2_propHit_Ts_fine = [ 0.90476 ];
subjinfo.HA_inval_2_propOm_Ts_fine = [ 0.095238 ];
subjinfo.HA_inval_2_propFP_Ts_fine = [ 0 ];
subjinfo.HA_inval_3_propHit_Ts_fine = [ 0.94444 ];
subjinfo.HA_inval_3_propOm_Ts_fine = [ 0.055556 ];
subjinfo.HA_inval_3_propFP_Ts_fine = [ 0 ];
subjinfo.allFp_Ts_fine = [ 151 ];
subjinfo.allOmissions_Ts_fine = [ 132  166  174  270  335   58  109  167  107  131  161  252  257  329  136  259 ];
subjinfo.allHits_Ts_fine = [ 12   27   32   36   39   49   65   70   81   86   91   95  101  111  126  134  142  146  163  169  177  192  196  200  208  213  216  221  242  246  256  262  267  272  278  282  287  299  307  313  318  321  324  328  333  340  344  348   13   24   28   40   45   55   75   92   96  102  112  127  135  143  147  164  170  184  204  209  217  222  243  247  263  268  283  288  300  308  341  349   11   26   38   77   83   94  145  172  202  215  245  258  302  320  323  343    4   20   35   43   48   73   80  130  133  154  180  187  191  195  199  207  212  220  233  236  239  261  266  271  286  327  336  339  347   17   22   53   61   69   85   90  100  106  110  116  125  139  141  156  160  162  168  176  182  226  230  241  251  255  277  292  294  296  298  306  312  317  332  353    3    6   15   30   42   47   57   63   72   79   88   98  104  108  114  118  123  137  149  153  158  179  186  190  194  198  206  211  219  224  228  232  235  238  249  253  260  265  275  280  285  290  304  310  315  326  330  338  346  351  355    7   52   68   89   99  105  115  119  124  138  159  175  225  229  250  254  276  291  305  311  316  331  352  356    5   18   21   60  117  140  155  181  227  231  234  240  293  337  354    2   10   33   71   87  122  152  178  189  197  201  214  279  314  319  322  325  334  345   14   25   29   41   46   56   62   76   78   84   93  103  113  128  148  157  171  173  185  205  210  218  223  244  248  269  284  289  295  297  301  303  342  350 ];
subjinfo.nFP_Ts_fine = [ 1 ];
subjinfo.nOmissions_Ts_fine = [ 16 ];
subjinfo.nHits_Ts_fine = [ 303 ];
subjinfo.AN_meanRT_Ts_fine = [ 0.7436 ];
subjinfo.AN_sdRT_Ts_fine = [ 0.20216 ];
subjinfo.HA_meanRT_Ts_fine = [ 0.93684 ];
subjinfo.HA_sdRT_Ts_fine = [ 0.50448 ];
subjinfo.val_meanRT_Ts_fine = [ 0.71768 ];
subjinfo.val_sdRT_Ts_fine = [ 0.20759 ];
