subjinfo.allFp_Ts = [ 193    5  356  357 ];
subjinfo.allOmissions_Ts = [  ];
subjinfo.allHits_Ts = [ 1   10   11   14   15   20   21   28   31   32   40   41   46   50   57   58   70   73   74   79   80   94   99  103  106  109  110  114  115  119  123  128  129  134  135  151  152  156  157  166  172  173  181  182  188  192  196  197  201  202  206  207  215  219  220  224  228  236  237  245  246  250  260  261  265  268  269  272  276  287  292  293  298  299  306  307  312  313  316  322  323  332  335  338  339  346  347  354  355    9   13   19   25   27   30   36   39   45   49   53   56   60   63   67   69   72   78   83   87   89   93   98  102  105  108  113  118  122  127  133  139  143  145  147  150  155  161  165  169  171  177  180  184  187  191  195  200  205  211  214  218  223  227  231  235  240  244  249  253  257  259  264  267  271  275  279  282  286  291  295  297  302  305  311  315  319  321  327  331  334  337  342  345  350  353    3    4    7    8   17   23   24   34   35   38   43   44   48   52   55   62   65   66   76   77   82   85   86   91   92   96   97  101  112  117  121  125  126  131  132  137  138  141  142  149  154  159  160  163  164  168  175  176  179  186  190  199  204  209  210  213  217  222  226  230  233  234  238  239  242  243  248  252  255  256  263  274  278  281  284  285  289  290  301  304  309  310  318  325  326  329  330  341  344  348  349  352    2    6   12   16   18   22   26   29   33   37   42   47   51   54   59   61   64   68   71   75   81   84   88   90   95  100  104  107  111  116  120  124  130  136  140  144  146  148  153  158  162  167  170  174  178  183  185  189  194  198  203  208  212  216  221  225  229  232  241  247  251  254  258  262  266  270  273  277  280  283  288  294  296  300  303  308  314  317  320  324  328  333  336  340  343  351 ];
subjinfo.nFP_Ts = [ 4 ];
subjinfo.nOmissions_Ts = [ 0 ];
subjinfo.nHits_Ts = [ 353 ];
subjinfo.AN_meanRT_Ts = [ 0.55563 ];
subjinfo.AN_sdRT_Ts = [ 0.091313 ];
subjinfo.HA_meanRT_Ts = [ 0.40502 ];
subjinfo.HA_sdRT_Ts = [ 0.099506 ];
subjinfo.val_meanRT_Ts = [ 0.56619 ];
subjinfo.val_sdRT_Ts = [ 0.10262 ];
subjinfo.inval_meanRT_Ts = [ 0.54422 ];
subjinfo.inval_sdRT_Ts = [ 0.082008 ];
subjinfo.AN_val_1_nOmissionTrials_Ts_fine = [ 0 ];
subjinfo.AN_val_1_nFpTrials_Ts_fine = [ 0 ];
subjinfo.AN_val_1_nHitTrials_Ts_fine = [ 58 ];
subjinfo.AN_val_2_nOmissionTrials_Ts_fine = [ 0 ];
subjinfo.AN_val_2_nFpTrials_Ts_fine = [ 0 ];
subjinfo.AN_val_2_nHitTrials_Ts_fine = [ 33 ];
subjinfo.AN_inval_1_nOmissionTrials_Ts_fine = [ 0 ];
subjinfo.AN_inval_1_nFpTrials_Ts_fine = [ 0 ];
subjinfo.AN_inval_1_nHitTrials_Ts_fine = [ 15 ];
subjinfo.AN_inval_2_nOmissionTrials_Ts_fine = [ 0 ];
subjinfo.AN_inval_2_nFpTrials_Ts_fine = [ 0 ];
subjinfo.AN_inval_2_nHitTrials_Ts_fine = [ 36 ];
subjinfo.AN_inval_3_nOmissionTrials_Ts_fine = [ 0 ];
subjinfo.AN_inval_3_nFpTrials_Ts_fine = [ 1 ];
subjinfo.AN_inval_3_nHitTrials_Ts_fine = [ 35 ];
subjinfo.HA_val_1_nOmissionTrials_Ts_fine = [ 0 ];
subjinfo.HA_val_1_nFpTrials_Ts_fine = [ 0 ];
subjinfo.HA_val_1_nHitTrials_Ts_fine = [ 64 ];
subjinfo.HA_val_2_nOmissionTrials_Ts_fine = [ 0 ];
subjinfo.HA_val_2_nFpTrials_Ts_fine = [ 0 ];
subjinfo.HA_val_2_nHitTrials_Ts_fine = [ 28 ];
subjinfo.HA_inval_1_nOmissionTrials_Ts_fine = [ 0 ];
subjinfo.HA_inval_1_nFpTrials_Ts_fine = [ 0 ];
subjinfo.HA_inval_1_nHitTrials_Ts_fine = [ 24 ];
subjinfo.HA_inval_2_nOmissionTrials_Ts_fine = [ 0 ];
subjinfo.HA_inval_2_nFpTrials_Ts_fine = [ 0 ];
subjinfo.HA_inval_2_nHitTrials_Ts_fine = [ 25 ];
subjinfo.HA_inval_3_nOmissionTrials_Ts_fine = [ 0 ];
subjinfo.HA_inval_3_nFpTrials_Ts_fine = [ 1 ];
subjinfo.HA_inval_3_nHitTrials_Ts_fine = [ 37 ];
subjinfo.AN_val_1_meanRT_Ts_fine = [ 0.53529 ];
subjinfo.AN_val_1_sdRT_Ts_fine = [ 0.087343 ];
subjinfo.AN_val_2_meanRT_Ts_fine = [ 0.5902 ];
subjinfo.AN_val_2_sdRT_Ts_fine = [ 0.091048 ];
subjinfo.AN_inval_1_meanRT_Ts_fine = [ 0.55469 ];
subjinfo.AN_inval_1_sdRT_Ts_fine = [ 0.07299 ];
subjinfo.AN_inval_2_meanRT_Ts_fine = [ 0.53711 ];
subjinfo.AN_inval_2_sdRT_Ts_fine = [ 0.089396 ];
subjinfo.AN_inval_3_meanRT_Ts_fine = [ 0.5346 ];
subjinfo.AN_inval_3_sdRT_Ts_fine = [ 0.070803 ];
subjinfo.HA_val_1_meanRT_Ts_fine = [ 0.63367 ];
subjinfo.HA_val_1_sdRT_Ts_fine = [ 0.22846 ];
subjinfo.HA_val_2_meanRT_Ts_fine = [ 0.72405 ];
subjinfo.HA_val_2_sdRT_Ts_fine = [ 0.2627 ];
subjinfo.HA_inval_1_meanRT_Ts_fine = [ 0.69629 ];
subjinfo.HA_inval_1_sdRT_Ts_fine = [ 0.51378 ];
subjinfo.HA_inval_2_meanRT_Ts_fine = [ 0.64312 ];
subjinfo.HA_inval_2_sdRT_Ts_fine = [ 0.4131 ];
subjinfo.HA_inval_3_meanRT_Ts_fine = [ 0.53188 ];
subjinfo.HA_inval_3_sdRT_Ts_fine = [ 0.25923 ];
subjinfo.AN_val_1_propHit_Ts_fine = [ 1 ];
subjinfo.AN_val_1_propOm_Ts_fine = [ 0 ];
subjinfo.AN_val_1_propFP_Ts_fine = [ 0 ];
subjinfo.AN_val_2_propHit_Ts_fine = [ 1 ];
subjinfo.AN_val_2_propOm_Ts_fine = [ 0 ];
subjinfo.AN_val_2_propFP_Ts_fine = [ 0 ];
subjinfo.AN_inval_1_propHit_Ts_fine = [ 1 ];
subjinfo.AN_inval_1_propOm_Ts_fine = [ 0 ];
subjinfo.AN_inval_1_propFP_Ts_fine = [ 0 ];
subjinfo.AN_inval_2_propHit_Ts_fine = [ 1 ];
subjinfo.AN_inval_2_propOm_Ts_fine = [ 0 ];
subjinfo.AN_inval_2_propFP_Ts_fine = [ 0 ];
subjinfo.AN_inval_3_propHit_Ts_fine = [ 0.97222 ];
subjinfo.AN_inval_3_propOm_Ts_fine = [ 0 ];
subjinfo.AN_inval_3_propFP_Ts_fine = [ 0.027778 ];
subjinfo.HA_val_1_propHit_Ts_fine = [ 1 ];
subjinfo.HA_val_1_propOm_Ts_fine = [ 0 ];
subjinfo.HA_val_1_propFP_Ts_fine = [ 0 ];
subjinfo.HA_val_2_propHit_Ts_fine = [ 1 ];
subjinfo.HA_val_2_propOm_Ts_fine = [ 0 ];
subjinfo.HA_val_2_propFP_Ts_fine = [ 0 ];
subjinfo.HA_inval_1_propHit_Ts_fine = [ 1 ];
subjinfo.HA_inval_1_propOm_Ts_fine = [ 0 ];
subjinfo.HA_inval_1_propFP_Ts_fine = [ 0 ];
subjinfo.HA_inval_2_propHit_Ts_fine = [ 1 ];
subjinfo.HA_inval_2_propOm_Ts_fine = [ 0 ];
subjinfo.HA_inval_2_propFP_Ts_fine = [ 0 ];
subjinfo.HA_inval_3_propHit_Ts_fine = [ 0.97368 ];
subjinfo.HA_inval_3_propOm_Ts_fine = [ 0 ];
subjinfo.HA_inval_3_propFP_Ts_fine = [ 0.026316 ];
subjinfo.allFp_Ts_fine = [ 5  317 ];
subjinfo.allOmissions_Ts_fine = [  ];
subjinfo.allHits_Ts_fine = [ 1   10   14   21   29   32   41   47   51   58   69   72   75   81   96  101  105  108  111  116  121  125  130  136  153  158  168  174  183  190  194  198  203  208  217  221  226  230  238  248  253  263  268  271  275  279  290  295  301  309  315  319  325  335  338  341  349  358   11   15   22   33   42   59   76   82  112  117  131  137  154  159  175  184  195  199  204  209  222  239  249  264  272  296  302  310  316  326  342  350  359   13   31   61   71   74  107  110  186  197  270  274  298  318  337  340   18   40   50   54   57   64   85  104  115  120  124  152  157  171  182  189  193  202  207  216  220  225  229  233  252  256  267  278  282  285  305  308  322  345  348  357    9   20   26   28   37   68   80   89   91   95  100  129  135  141  145  147  149  163  167  173  179  213  237  243  247  260  262  289  294  300  314  324  330  334  354    3    7   17   24   35   39   44   49   53   56   63   66   78   84   87   93   98  103  114  119  123  127  133  139  143  151  156  161  165  170  177  181  188  192  201  206  211  215  219  224  228  232  235  241  245  251  255  258  266  277  281  284  287  292  304  307  312  321  328  332  344  347  352  356    4    8   25   36   45   67   79   88   94   99  128  134  140  144  162  166  178  212  236  242  246  259  288  293  313  329  333  353    6   19   27   38   55   65   86   90  142  146  164  172  180  214  234  244  257  261  283  286  306  331  346  355    2   30   48   52   70   73   97  102  106  109  122  126  169  191  218  227  231  254  269  276  280  291  320  336  339   12   16   23   34   43   60   62   77   83   92  113  118  132  138  148  150  155  160  176  185  187  196  200  205  210  223  240  250  265  273  297  299  303  311  327  343  351 ];
subjinfo.nFP_Ts_fine = [ 2 ];
subjinfo.nOmissions_Ts_fine = [ 0 ];
subjinfo.nHits_Ts_fine = [ 355 ];
