subjinfo.allFp_Ts = [ 108  275 ];
subjinfo.allOmissions_Ts = [ 224  334  353  320 ];
subjinfo.allHits_Ts = [ 1    2    7   15   16   22   27   30   31   35   36   41   45   46   51   52   64   65   70   71   78   88   89   93  100  103  104  112  116  120  121  125  133  140  141  145  146  156  157  162  163  168  173  174  177  178  184  185  190  194  198  199  206  207  211  216  217  223  231  238  239  244  245  249  250  257  258  272  278  283  286  290  293  294  302  303  309  310  318  329  330  333  338  339  347  348    6   11   14   19   21   26   29   34   40   44   48   50   55   59   63   69   74   77   80   83   87   92   96   99  102  107  111  115  119  124  129  132  137  139  144  149  151  155  159  161  167  172  176  180  183  189  197  202  205  210  215  220  222  227  230  235  237  243  248  253  256  261  265  267  271  274  277  282  285  289  292  298  301  306  308  314  317  324  328  332  337  342  346  352  355    4    5    9   10   13   18   24   25   33   38   39   43   54   57   58   61   62   67   68   73   76   82   85   86   91   95   98  106  110  114  118  123  127  128  131  135  136  143  148  153  154  165  166  170  171  182  187  188  192  193  196  201  204  209  213  214  219  226  229  233  234  241  242  247  252  255  260  263  264  269  270  280  281  288  296  297  300  305  312  313  316  322  323  326  327  336  341  344  345  350  351    3    8   12   17   20   23   28   32   37   42   47   49   53   56   60   66   72   75   79   81   84   90   94   97  101  105  109  113  117  122  126  130  134  138  142  147  150  152  158  160  164  169  175  179  181  186  191  195  200  203  208  212  218  221  225  228  232  236  240  246  251  254  259  262  266  268  273  276  279  284  287  291  295  299  304  307  311  315  319  321  325  331  335  340  343  349  354  356 ];
subjinfo.nFP_Ts = [ 2 ];
subjinfo.nOmissions_Ts = [ 4 ];
subjinfo.nHits_Ts = [ 350 ];
subjinfo.AN_meanRT_Ts = [ 0.81195 ];
subjinfo.AN_sdRT_Ts = [ 0.21167 ];
subjinfo.HA_meanRT_Ts = [ 0.72966 ];
subjinfo.HA_sdRT_Ts = [ 0.35993 ];
subjinfo.val_meanRT_Ts = [ 0.82513 ];
subjinfo.val_sdRT_Ts = [ 0.25692 ];
subjinfo.inval_meanRT_Ts = [ 0.83323 ];
subjinfo.inval_sdRT_Ts = [ 0.16238 ];
subjinfo.AN_val_1_nOmissionTrials_Ts_fine = [ 2 ];
subjinfo.AN_val_1_nFpTrials_Ts_fine = [ 1 ];
subjinfo.AN_val_1_nHitTrials_Ts_fine = [ 50 ];
subjinfo.AN_val_2_nOmissionTrials_Ts_fine = [ 1 ];
subjinfo.AN_val_2_nFpTrials_Ts_fine = [ 0 ];
subjinfo.AN_val_2_nHitTrials_Ts_fine = [ 31 ];
subjinfo.AN_inval_1_nOmissionTrials_Ts_fine = [ 0 ];
subjinfo.AN_inval_1_nFpTrials_Ts_fine = [ 0 ];
subjinfo.AN_inval_1_nHitTrials_Ts_fine = [ 14 ];
subjinfo.AN_inval_2_nOmissionTrials_Ts_fine = [ 0 ];
subjinfo.AN_inval_2_nFpTrials_Ts_fine = [ 0 ];
subjinfo.AN_inval_2_nHitTrials_Ts_fine = [ 36 ];
subjinfo.AN_inval_3_nOmissionTrials_Ts_fine = [ 0 ];
subjinfo.AN_inval_3_nFpTrials_Ts_fine = [ 0 ];
subjinfo.AN_inval_3_nHitTrials_Ts_fine = [ 37 ];
subjinfo.HA_val_1_nOmissionTrials_Ts_fine = [ 6 ];
subjinfo.HA_val_1_nFpTrials_Ts_fine = [ 0 ];
subjinfo.HA_val_1_nHitTrials_Ts_fine = [ 58 ];
subjinfo.HA_val_2_nOmissionTrials_Ts_fine = [ 0 ];
subjinfo.HA_val_2_nFpTrials_Ts_fine = [ 0 ];
subjinfo.HA_val_2_nHitTrials_Ts_fine = [ 28 ];
subjinfo.HA_inval_1_nOmissionTrials_Ts_fine = [ 3 ];
subjinfo.HA_inval_1_nFpTrials_Ts_fine = [ 0 ];
subjinfo.HA_inval_1_nHitTrials_Ts_fine = [ 18 ];
subjinfo.HA_inval_2_nOmissionTrials_Ts_fine = [ 1 ];
subjinfo.HA_inval_2_nFpTrials_Ts_fine = [ 0 ];
subjinfo.HA_inval_2_nHitTrials_Ts_fine = [ 22 ];
subjinfo.HA_inval_3_nOmissionTrials_Ts_fine = [ 2 ];
subjinfo.HA_inval_3_nFpTrials_Ts_fine = [ 0 ];
subjinfo.HA_inval_3_nHitTrials_Ts_fine = [ 40 ];
subjinfo.AN_val_1_meanRT_Ts_fine = [ 0.78127 ];
subjinfo.AN_val_1_sdRT_Ts_fine = [ 0.23926 ];
subjinfo.AN_val_2_meanRT_Ts_fine = [ 0.87588 ];
subjinfo.AN_val_2_sdRT_Ts_fine = [ 0.18268 ];
subjinfo.AN_inval_1_meanRT_Ts_fine = [ 0.79457 ];
subjinfo.AN_inval_1_sdRT_Ts_fine = [ 0.12086 ];
subjinfo.AN_inval_2_meanRT_Ts_fine = [ 0.79951 ];
subjinfo.AN_inval_2_sdRT_Ts_fine = [ 0.17577 ];
subjinfo.AN_inval_3_meanRT_Ts_fine = [ 0.742 ];
subjinfo.AN_inval_3_sdRT_Ts_fine = [ 0.13263 ];
subjinfo.HA_val_1_meanRT_Ts_fine = [ 1.2755 ];
subjinfo.HA_val_1_sdRT_Ts_fine = [ 0.469 ];
subjinfo.HA_val_2_meanRT_Ts_fine = [ 1.2049 ];
subjinfo.HA_val_2_sdRT_Ts_fine = [ 0.50968 ];
subjinfo.HA_inval_1_meanRT_Ts_fine = [ 1.3479 ];
subjinfo.HA_inval_1_sdRT_Ts_fine = [ 0.27577 ];
subjinfo.HA_inval_2_meanRT_Ts_fine = [ 1.3265 ];
subjinfo.HA_inval_2_sdRT_Ts_fine = [ 0.28711 ];
subjinfo.HA_inval_3_meanRT_Ts_fine = [ 1.3465 ];
subjinfo.HA_inval_3_sdRT_Ts_fine = [ 0.34276 ];
subjinfo.AN_val_1_propHit_Ts_fine = [ 0.9434 ];
subjinfo.AN_val_1_propOm_Ts_fine = [ 0.037736 ];
subjinfo.AN_val_1_propFP_Ts_fine = [ 0.018868 ];
subjinfo.AN_val_2_propHit_Ts_fine = [ 0.96875 ];
subjinfo.AN_val_2_propOm_Ts_fine = [ 0.03125 ];
subjinfo.AN_val_2_propFP_Ts_fine = [ 0 ];
subjinfo.AN_inval_1_propHit_Ts_fine = [ 1 ];
subjinfo.AN_inval_1_propOm_Ts_fine = [ 0 ];
subjinfo.AN_inval_1_propFP_Ts_fine = [ 0 ];
subjinfo.AN_inval_2_propHit_Ts_fine = [ 1 ];
subjinfo.AN_inval_2_propOm_Ts_fine = [ 0 ];
subjinfo.AN_inval_2_propFP_Ts_fine = [ 0 ];
subjinfo.AN_inval_3_propHit_Ts_fine = [ 1 ];
subjinfo.AN_inval_3_propOm_Ts_fine = [ 0 ];
subjinfo.AN_inval_3_propFP_Ts_fine = [ 0 ];
subjinfo.HA_val_1_propHit_Ts_fine = [ 0.90625 ];
subjinfo.HA_val_1_propOm_Ts_fine = [ 0.09375 ];
subjinfo.HA_val_1_propFP_Ts_fine = [ 0 ];
subjinfo.HA_val_2_propHit_Ts_fine = [ 1 ];
subjinfo.HA_val_2_propOm_Ts_fine = [ 0 ];
subjinfo.HA_val_2_propFP_Ts_fine = [ 0 ];
subjinfo.HA_inval_1_propHit_Ts_fine = [ 0.85714 ];
subjinfo.HA_inval_1_propOm_Ts_fine = [ 0.14286 ];
subjinfo.HA_inval_1_propFP_Ts_fine = [ 0 ];
subjinfo.HA_inval_2_propHit_Ts_fine = [ 0.95652 ];
subjinfo.HA_inval_2_propOm_Ts_fine = [ 0.043478 ];
subjinfo.HA_inval_2_propFP_Ts_fine = [ 0 ];
subjinfo.HA_inval_3_propHit_Ts_fine = [ 0.95238 ];
subjinfo.HA_inval_3_propOm_Ts_fine = [ 0.047619 ];
subjinfo.HA_inval_3_propFP_Ts_fine = [ 0 ];
subjinfo.allFp_Ts_fine = [ 108 ];
subjinfo.allOmissions_Ts_fine = [ 278  356  227   18   43   76  250  263  308   56   84  132   79   81  271 ];
subjinfo.allHits_Ts_fine = [ 22   30   35   41   45   51   64   70   78   88   93  103  113  117  121  127  135  142  147  158  164  170  175  179  186  192  197  201  209  214  219  226  234  241  247  252  260  275  281  286  289  293  296  305  312  321  332  336  341  350   16   31   36   46   52   65   71   89  104  109  122  143  148  159  165  176  187  202  210  220  242  248  253  261  297  306  313  333  337  342  351   29   48   80  102  161  178  182  277  280  288  295  323  335  358   14   19   34   44   55   74   77   83   92   96   99  107  112  116  120  134  146  151  185  200  205  208  213  223  230  233  251  256  259  264  292  304  309  320  340  345    6   11   21   26   40   50   59   63   69   87  126  131  139  141  153  157  163  169  174  191  196  218  225  238  240  246  268  270  274  285  301  311  317  327  331  349  355    4    9   13   24   33   38   54   57   61   67   73   82   85   91   95   98  106  111  115  119  124  129  133  137  145  150  155  167  172  184  189  194  199  204  207  212  216  222  229  232  236  244  255  258  266  272  283  291  299  303  315  319  325  329  339  344  347  353    5   10   25   39   58   62   68   86  125  130  138  156  168  173  190  195  217  237  245  267  273  284  300  316  326  330  348  354   20   60   75   97  140  152  206  224  231  239  257  265  269  302  310  318  328  346   23   28   42   94  101  114  118  128  136  171  193  198  215  235  276  279  282  287  290  294  322  357    3   17   32   37   47   49   53   66   72   90  105  110  123  144  149  154  160  162  166  177  181  183  188  203  211  221  228  243  249  254  262  298  307  314  324  334  338  343  352  359 ];
subjinfo.nFP_Ts_fine = [ 1 ];
subjinfo.nOmissions_Ts_fine = [ 15 ];
subjinfo.nHits_Ts_fine = [ 334 ];
