subjinfo.allFp_Ts = [  ];
subjinfo.allOmissions_Ts = [  ];
subjinfo.allHits_Ts = [ 1    4    9   10   17   18   22   23   36   37   41   42   49   50   58   68   69   74   77   78   81   82   89   98  101  102  105  106  110  117  127  135  139  140  144  145  149  150  156  157  161  162  167  168  172  176  177  181  190  191  203  211  215  216  219  224  225  231  232  235  245  246  251  252  258  259  268  269  272  278  283  291  292  295  303  304  309  310  314  315  320  322  323  327  328  336  345  346  350  351  354    3    8   12   16   21   25   28   32   35   40   45   48   54   57   62   65   67   73   76   80   85   88   93   97  100  104  109  113  116  120  123  126  131  134  138  143  148  153  155  160  166  171  175  180  185  189  194  196  199  202  207  210  214  218  223  227  230  234  238  242  244  250  255  257  263  267  271  275  277  282  285  290  294  299  302  308  313  316  319  321  326  332  335  340  344  349  353    6    7   14   15   20   27   30   31   34   39   44   47   52   53   56   60   61   64   71   72   84   87   91   92   95   96  108  112  115  119  122  125  129  130  133  137  142  147  152  159  164  165  170  174  179  183  184  187  188  193  198  201  205  206  209  213  221  222  229  237  240  241  248  249  254  261  262  265  266  274  280  281  287  288  297  298  301  306  307  312  318  325  330  331  334  338  339  342  343  348    2    5   11   13   19   24   26   29   33   38   43   46   51   55   59   63   66   70   75   79   83   86   90   94   99  103  107  111  114  118  121  124  128  132  136  141  146  151  154  158  163  169  173  178  182  186  192  195  197  200  204  208  212  217  220  226  228  233  236  239  243  247  253  256  260  264  270  273  276  279  284  286  289  293  296  300  305  311  317  324  329  333  337  341  347  352  355  356  357 ];
subjinfo.nFP_Ts = [ 0 ];
subjinfo.nOmissions_Ts = [ 0 ];
subjinfo.nHits_Ts = [ 357 ];
subjinfo.AN_meanRT_Ts = [ 0.60442 ];
subjinfo.AN_sdRT_Ts = [ 0.18549 ];
subjinfo.HA_meanRT_Ts = [ 0.41288 ];
subjinfo.HA_sdRT_Ts = [ 0.31312 ];
subjinfo.val_meanRT_Ts = [ 0.65556 ];
subjinfo.val_sdRT_Ts = [ 0.22244 ];
subjinfo.inval_meanRT_Ts = [ 0.55611 ];
subjinfo.inval_sdRT_Ts = [ 0.12366 ];
subjinfo.AN_val_1_nOmissionTrials_Ts_fine = [ 0 ];
subjinfo.AN_val_1_nFpTrials_Ts_fine = [ 0 ];
subjinfo.AN_val_1_nHitTrials_Ts_fine = [ 56 ];
subjinfo.AN_val_2_nOmissionTrials_Ts_fine = [ 0 ];
subjinfo.AN_val_2_nFpTrials_Ts_fine = [ 0 ];
subjinfo.AN_val_2_nHitTrials_Ts_fine = [ 30 ];
subjinfo.AN_inval_1_nOmissionTrials_Ts_fine = [ 0 ];
subjinfo.AN_inval_1_nFpTrials_Ts_fine = [ 0 ];
subjinfo.AN_inval_1_nHitTrials_Ts_fine = [ 16 ];
subjinfo.AN_inval_2_nOmissionTrials_Ts_fine = [ 0 ];
subjinfo.AN_inval_2_nFpTrials_Ts_fine = [ 0 ];
subjinfo.AN_inval_2_nHitTrials_Ts_fine = [ 38 ];
subjinfo.AN_inval_3_nOmissionTrials_Ts_fine = [ 0 ];
subjinfo.AN_inval_3_nFpTrials_Ts_fine = [ 0 ];
subjinfo.AN_inval_3_nHitTrials_Ts_fine = [ 32 ];
subjinfo.HA_val_1_nOmissionTrials_Ts_fine = [ 7 ];
subjinfo.HA_val_1_nFpTrials_Ts_fine = [ 0 ];
subjinfo.HA_val_1_nHitTrials_Ts_fine = [ 53 ];
subjinfo.HA_val_2_nOmissionTrials_Ts_fine = [ 2 ];
subjinfo.HA_val_2_nFpTrials_Ts_fine = [ 0 ];
subjinfo.HA_val_2_nHitTrials_Ts_fine = [ 22 ];
subjinfo.HA_inval_1_nOmissionTrials_Ts_fine = [ 4 ];
subjinfo.HA_inval_1_nFpTrials_Ts_fine = [ 0 ];
subjinfo.HA_inval_1_nHitTrials_Ts_fine = [ 20 ];
subjinfo.HA_inval_2_nOmissionTrials_Ts_fine = [ 2 ];
subjinfo.HA_inval_2_nFpTrials_Ts_fine = [ 0 ];
subjinfo.HA_inval_2_nHitTrials_Ts_fine = [ 21 ];
subjinfo.HA_inval_3_nOmissionTrials_Ts_fine = [ 6 ];
subjinfo.HA_inval_3_nFpTrials_Ts_fine = [ 0 ];
subjinfo.HA_inval_3_nHitTrials_Ts_fine = [ 27 ];
subjinfo.AN_val_1_meanRT_Ts_fine = [ 0.62235 ];
subjinfo.AN_val_1_sdRT_Ts_fine = [ 0.17164 ];
subjinfo.AN_val_2_meanRT_Ts_fine = [ 0.6651 ];
subjinfo.AN_val_2_sdRT_Ts_fine = [ 0.25186 ];
subjinfo.AN_inval_1_meanRT_Ts_fine = [ 0.58936 ];
subjinfo.AN_inval_1_sdRT_Ts_fine = [ 0.075636 ];
subjinfo.AN_inval_2_meanRT_Ts_fine = [ 0.52508 ];
subjinfo.AN_inval_2_sdRT_Ts_fine = [ 0.12776 ];
subjinfo.AN_inval_3_meanRT_Ts_fine = [ 0.54224 ];
subjinfo.AN_inval_3_sdRT_Ts_fine = [ 0.10481 ];
subjinfo.HA_val_1_meanRT_Ts_fine = [ 0.98924 ];
subjinfo.HA_val_1_sdRT_Ts_fine = [ 0.63187 ];
subjinfo.HA_val_2_meanRT_Ts_fine = [ 1.0483 ];
subjinfo.HA_val_2_sdRT_Ts_fine = [ 0.64477 ];
subjinfo.HA_inval_1_meanRT_Ts_fine = [ 0.98008 ];
subjinfo.HA_inval_1_sdRT_Ts_fine = [ 0.47744 ];
subjinfo.HA_inval_2_meanRT_Ts_fine = [ 0.77753 ];
subjinfo.HA_inval_2_sdRT_Ts_fine = [ 0.52828 ];
subjinfo.HA_inval_3_meanRT_Ts_fine = [ 0.90654 ];
subjinfo.HA_inval_3_sdRT_Ts_fine = [ 0.61615 ];
subjinfo.AN_val_1_propHit_Ts_fine = [ 1 ];
subjinfo.AN_val_1_propOm_Ts_fine = [ 0 ];
subjinfo.AN_val_1_propFP_Ts_fine = [ 0 ];
subjinfo.AN_val_2_propHit_Ts_fine = [ 1 ];
subjinfo.AN_val_2_propOm_Ts_fine = [ 0 ];
subjinfo.AN_val_2_propFP_Ts_fine = [ 0 ];
subjinfo.AN_inval_1_propHit_Ts_fine = [ 1 ];
subjinfo.AN_inval_1_propOm_Ts_fine = [ 0 ];
subjinfo.AN_inval_1_propFP_Ts_fine = [ 0 ];
subjinfo.AN_inval_2_propHit_Ts_fine = [ 1 ];
subjinfo.AN_inval_2_propOm_Ts_fine = [ 0 ];
subjinfo.AN_inval_2_propFP_Ts_fine = [ 0 ];
subjinfo.AN_inval_3_propHit_Ts_fine = [ 1 ];
subjinfo.AN_inval_3_propOm_Ts_fine = [ 0 ];
subjinfo.AN_inval_3_propFP_Ts_fine = [ 0 ];
subjinfo.HA_val_1_propHit_Ts_fine = [ 0.88333 ];
subjinfo.HA_val_1_propOm_Ts_fine = [ 0.11667 ];
subjinfo.HA_val_1_propFP_Ts_fine = [ 0 ];
subjinfo.HA_val_2_propHit_Ts_fine = [ 0.91667 ];
subjinfo.HA_val_2_propOm_Ts_fine = [ 0.083333 ];
subjinfo.HA_val_2_propFP_Ts_fine = [ 0 ];
subjinfo.HA_inval_1_propHit_Ts_fine = [ 0.83333 ];
subjinfo.HA_inval_1_propOm_Ts_fine = [ 0.16667 ];
subjinfo.HA_inval_1_propFP_Ts_fine = [ 0 ];
subjinfo.HA_inval_2_propHit_Ts_fine = [ 0.91304 ];
subjinfo.HA_inval_2_propOm_Ts_fine = [ 0.086957 ];
subjinfo.HA_inval_2_propFP_Ts_fine = [ 0 ];
subjinfo.HA_inval_3_propHit_Ts_fine = [ 0.81818 ];
subjinfo.HA_inval_3_propOm_Ts_fine = [ 0.18182 ];
subjinfo.HA_inval_3_propFP_Ts_fine = [ 0 ];
subjinfo.allFp_Ts_fine = [  ];
subjinfo.allOmissions_Ts_fine = [ 87  129  237  254  280  302  307   96  308  121  200  256  344  173  359  163  178  253  286  306  317 ];
subjinfo.allHits_Ts_fine = [ 1    4    9   17   22   36   41   49   58   68   74   77   81   89   98  101  105  110  117  127  135  139  144  149  156  161  167  172  176  181  190  203  211  215  219  224  231  235  245  251  258  268  272  278  283  292  296  304  310  315  322  325  330  348  353  357   18   23   37   42   50   69   82  102  106  140  145  150  157  162  168  177  191  216  225  232  246  252  259  269  293  305  311  316  349  354    3   12   25   76   80  100  104  218  227  234  271  285  295  318  324  356   28   35   40   45   48   57   65   85   88  109  113  116  120  123  126  134  138  143  148  153  160  171  175  180  194  199  202  210  214  238  255  275  303  314  321  329  338  352    8   16   32   54   62   67   73   93   97  131  155  166  185  196  207  223  230  242  244  250  257  263  267  277  282  289  291  300  309  335  343  347    6   14   20   27   30   34   39   44   47   56   60   64   71   84   91   95  108  112  119  122  125  133  137  142  147  152  159  164  170  174  179  183  187  193  198  201  205  209  213  221  240  248  261  265  274  298  313  320  328  337  341  345  351   15   31   53   61   72   92  130  165  184  188  206  222  229  241  249  266  281  288  299  334  342  346   29   46   55   63   66   86   94  124  132  154  186  195  208  239  243  264  276  290  301  336    2    5   59   75   90   99  111  118  128  136  204  212  220  236  273  279  284  297  323  340  358   13   19   24   26   43   70   79   83  103  107  141  146  151  158  169  192  197  217  228  233  247  260  270  294  327  350  355 ];
subjinfo.nFP_Ts_fine = [ 0 ];
subjinfo.nOmissions_Ts_fine = [ 21 ];
subjinfo.nHits_Ts_fine = [ 315 ];
subjinfo.AN_meanRT_Ts_fine = [ 0.59034 ];
