subjinfo.emg_data = 'yes';
subjinfo.emg_data = 'yes';
subjinfo.emg_data = 'yes';
subjinfo.emg_data = 'yes';
subjinfo.allFp_Ts = [  ];
subjinfo.allOmissions_Ts = [ 120 ];
subjinfo.allHits_Ts = [ 1    9   12   16   17   22   23   27   35   36   46   47   52   53   57   62   67   68   72   73   80   81   86   87   95   96   98  103  110  111  115  116  123  132  144  145  148  151  154  155  159  160  165  168  171  172  181  184  192  193  201  205  208  209  216  220  226  230  231  238  248  253  254  258  259  263  264  268  269  273  281  286  287  296  297  300  307  310  311  315  316  324  328  329  332    3    6    8   11   15   21   26   31   34   39   41   45   51   56   59   61   66   71   76   79   85   90   94   97  100  102  105  109  114  118  122  125  128  131  136  140  143  147  150  153  158  164  167  170  174  176  180  183  187  191  196  200  204  207  211  215  219  222  225  229  233  237  241  243  247  252  262  267  272  275  278  280  285  293  295  299  304  306  309  314  319  323  327  331    5   10   14   19   20   25   29   30   33   38   43   44   49   50   55   64   65   70   75   78   83   84   89   92   93  107  108  112  113  117  121  127  130  134  135  138  139  142  157  162  163  169  175  178  179  186  189  190  195  198  199  203  213  214  218  224  228  235  236  240  245  246  250  251  256  257  261  266  271  277  279  283  284  289  291  292  298  302  303  313  318  321  322  326  334  335    2    4    7   13   18   24   28   32   37   40   42   48   54   58   60   63   69   74   77   82   88   91   99  101  104  106  119  124  126  129  133  137  141  146  149  152  156  161  166  173  177  182  185  188  194  197  202  206  210  212  217  221  223  227  232  234  239  242  244  249  255  260  265  270  274  276  282  288  290  294  301  305  308  312  317  320  325  330  333  336  337 ];
subjinfo.nFP_Ts = [ 0 ];
subjinfo.nOmissions_Ts = [ 1 ];
subjinfo.nHits_Ts = [ 336 ];
subjinfo.AN_meanRT_Ts = [ 0.48401 ];
subjinfo.AN_sdRT_Ts = [ 0.14596 ];
subjinfo.HA_meanRT_Ts = [ 0.49995 ];
subjinfo.HA_sdRT_Ts = [ 0.26647 ];
subjinfo.val_meanRT_Ts = [ 0.50809 ];
subjinfo.val_sdRT_Ts = [ 0.14537 ];
subjinfo.inval_meanRT_Ts = [ 0.48991 ];
subjinfo.inval_sdRT_Ts = [ 0.13765 ];
subjinfo.AN_val_1_nOmissionTrials_Ts_fine = [ 0 ];
subjinfo.AN_val_1_nFpTrials_Ts_fine = [ 1 ];
subjinfo.AN_val_1_nHitTrials_Ts_fine = [ 57 ];
subjinfo.AN_val_2_nOmissionTrials_Ts_fine = [ 0 ];
subjinfo.AN_val_2_nFpTrials_Ts_fine = [ 0 ];
subjinfo.AN_val_2_nHitTrials_Ts_fine = [ 31 ];
subjinfo.AN_inval_1_nOmissionTrials_Ts_fine = [ 0 ];
subjinfo.AN_inval_1_nFpTrials_Ts_fine = [ 0 ];
subjinfo.AN_inval_1_nHitTrials_Ts_fine = [ 16 ];
subjinfo.AN_inval_2_nOmissionTrials_Ts_fine = [ 0 ];
subjinfo.AN_inval_2_nFpTrials_Ts_fine = [ 0 ];
subjinfo.AN_inval_2_nHitTrials_Ts_fine = [ 29 ];
subjinfo.AN_inval_3_nOmissionTrials_Ts_fine = [ 0 ];
subjinfo.AN_inval_3_nFpTrials_Ts_fine = [ 0 ];
subjinfo.AN_inval_3_nHitTrials_Ts_fine = [ 36 ];
subjinfo.HA_val_1_nOmissionTrials_Ts_fine = [ 7 ];
subjinfo.HA_val_1_nFpTrials_Ts_fine = [ 3 ];
subjinfo.HA_val_1_nHitTrials_Ts_fine = [ 52 ];
subjinfo.HA_val_2_nOmissionTrials_Ts_fine = [ 2 ];
subjinfo.HA_val_2_nFpTrials_Ts_fine = [ 0 ];
subjinfo.HA_val_2_nHitTrials_Ts_fine = [ 27 ];
subjinfo.HA_inval_1_nOmissionTrials_Ts_fine = [ 1 ];
subjinfo.HA_inval_1_nFpTrials_Ts_fine = [ 0 ];
subjinfo.HA_inval_1_nHitTrials_Ts_fine = [ 14 ];
subjinfo.HA_inval_2_nOmissionTrials_Ts_fine = [ 6 ];
subjinfo.HA_inval_2_nFpTrials_Ts_fine = [ 0 ];
subjinfo.HA_inval_2_nHitTrials_Ts_fine = [ 20 ];
subjinfo.HA_inval_3_nOmissionTrials_Ts_fine = [ 4 ];
subjinfo.HA_inval_3_nFpTrials_Ts_fine = [ 0 ];
subjinfo.HA_inval_3_nHitTrials_Ts_fine = [ 39 ];
subjinfo.allFp_Ts_fine = [ 140   11  112  336 ];
subjinfo.allOmissions_Ts_fine = [ 36   93  127  134  143  300  344  113  135  312   14   61  109  131  324  348   57   86  111  160 ];
subjinfo.allHits_Ts_fine = [ 1    9   13   24   30   38   49   55   60   65   71   76   84   90   99  103  108  115  121  130  150  154  158  166  172  178  181  185  197  201  205  210  219  223  226  234  238  244  248  252  257  267  272  278  283  288  293  302  307  318  323  330  333  338  347  351  355   25   39   50   56   66   72   77   85  100  116  122  141  155  159  163  167  173  186  211  227  249  273  279  284  289  308  319  334  339  352  356    3   62  105  110  132  157  161  165  180  188  225  229  240  295  332  354    6   12   37   42   59   80   83   94  125  139  153  184  200  204  214  222  237  243  247  260  282  287  292  298  301  311  322  342  350    8   17   23   29   34   44   48   54   64   70   89   98  107  114  120  129  136  145  171  177  192  196  209  218  233  256  262  266  271  277  306  315  317  327  329  346    5   15   21   27   32   41   46   52   58   68   74   79   82   87   96  118  124  138  147  152  169  175  183  190  194  199  203  207  213  216  221  231  236  242  246  254  259  264  269  275  281  286  291  297  304  310  313  321  325  341  349  358   28   33   47   53   69   88   97  119  128  144  148  170  176  191  195  208  217  232  255  265  270  276  305  314  326  345  359    7   35   43   81   95  137  146  193  215  261  299  316  328  343    2   10   31  104  151  179  182  198  202  206  220  224  235  239  245  258  268  294  303  331    4   20   26   40   45   51   63   67   73   78   92  101  106  117  123  142  156  164  168  174  187  189  212  228  230  241  250  263  274  280  285  290  296  309  320  335  340  353  357 ];
subjinfo.nFP_Ts_fine = [ 4 ];
subjinfo.nOmissions_Ts_fine = [ 20 ];
subjinfo.nHits_Ts_fine = [ 321 ];
subjinfo.AN_val_1_meanRT_Ts_fine = [ 0.49589 ];
subjinfo.AN_val_1_sdRT_Ts_fine = [ 0.14972 ];
subjinfo.AN_val_2_meanRT_Ts_fine = [ 0.50353 ];
subjinfo.AN_val_2_sdRT_Ts_fine = [ 0.10727 ];
subjinfo.AN_inval_1_meanRT_Ts_fine = [ 0.43262 ];
subjinfo.AN_inval_1_sdRT_Ts_fine = [ 0.081733 ];
subjinfo.AN_inval_2_meanRT_Ts_fine = [ 0.49273 ];
subjinfo.AN_inval_2_sdRT_Ts_fine = [ 0.17282 ];
subjinfo.AN_inval_3_meanRT_Ts_fine = [ 0.42296 ];
subjinfo.AN_inval_3_sdRT_Ts_fine = [ 0.14389 ];
subjinfo.HA_val_1_meanRT_Ts_fine = [ 0.76608 ];
subjinfo.HA_val_1_sdRT_Ts_fine = [ 0.51497 ];
subjinfo.HA_val_2_meanRT_Ts_fine = [ 0.84549 ];
subjinfo.HA_val_2_sdRT_Ts_fine = [ 0.61498 ];
subjinfo.HA_inval_1_meanRT_Ts_fine = [ 0.90848 ];
subjinfo.HA_inval_1_sdRT_Ts_fine = [ 0.72925 ];
subjinfo.HA_inval_2_meanRT_Ts_fine = [ 0.66992 ];
subjinfo.HA_inval_2_sdRT_Ts_fine = [ 0.56787 ];
subjinfo.HA_inval_3_meanRT_Ts_fine = [ 0.71434 ];
subjinfo.HA_inval_3_sdRT_Ts_fine = [ 0.51629 ];
subjinfo.AN_meanRT_Ts_fine = [ 0.47522 ];
subjinfo.AN_sdRT_Ts_fine = [ 0.14324 ];
subjinfo.HA_meanRT_Ts_fine = [ 0.76737 ];
subjinfo.HA_sdRT_Ts_fine = [ 0.55951 ];
subjinfo.val_meanRT_Ts_fine = [ 0.49858 ];
subjinfo.val_sdRT_Ts_fine = [ 0.13568 ];
subjinfo.inval_meanRT_Ts_fine = [ 0.47135 ];
subjinfo.inval_sdRT_Ts_fine = [ 0.14876 ];
subjinfo.AN_val_1_propHit_Ts_fine = [ 0.98276 ];
subjinfo.AN_val_1_propOm_Ts_fine = [ 0 ];
subjinfo.AN_val_1_propFP_Ts_fine = [ 0.017241 ];
subjinfo.AN_val_2_propHit_Ts_fine = [ 1 ];
subjinfo.AN_val_2_propOm_Ts_fine = [ 0 ];
subjinfo.AN_val_2_propFP_Ts_fine = [ 0 ];
subjinfo.AN_inval_1_propHit_Ts_fine = [ 1 ];
subjinfo.AN_inval_1_propOm_Ts_fine = [ 0 ];
subjinfo.AN_inval_1_propFP_Ts_fine = [ 0 ];
subjinfo.AN_inval_2_propHit_Ts_fine = [ 1 ];
subjinfo.AN_inval_2_propOm_Ts_fine = [ 0 ];
subjinfo.AN_inval_2_propFP_Ts_fine = [ 0 ];
subjinfo.AN_inval_3_propHit_Ts_fine = [ 1 ];
subjinfo.AN_inval_3_propOm_Ts_fine = [ 0 ];
subjinfo.AN_inval_3_propFP_Ts_fine = [ 0 ];
subjinfo.HA_val_1_propHit_Ts_fine = [ 0.83871 ];
subjinfo.HA_val_1_propOm_Ts_fine = [ 0.1129 ];
subjinfo.HA_val_1_propFP_Ts_fine = [ 0.048387 ];
subjinfo.HA_val_2_propHit_Ts_fine = [ 0.93103 ];
subjinfo.HA_val_2_propOm_Ts_fine = [ 0.068966 ];
subjinfo.HA_val_2_propFP_Ts_fine = [ 0 ];
subjinfo.HA_inval_1_propHit_Ts_fine = [ 0.93333 ];
subjinfo.HA_inval_1_propOm_Ts_fine = [ 0.066667 ];
