subjinfo.emg_data = 'yes';
subjinfo.emg_data = 'yes';
subjinfo.allFp_Ts = [  ];
subjinfo.allOmissions_Ts = [  ];
subjinfo.allHits_Ts = [ 5    6   11   12   17   18   28   34   38   39   45   54   55   58   63   64   69   70   78   79   85   86   89   93   97   98  105  106  111  112  116  125  126  129  131  136  142  143  147  148  152  163  166  170  175  176  181  182  189  190  197  201  207  210  217  218  222  223  228  232  237  241  242  245  251  254  259  260  267  268  273  274  279  280  289  296  303  304  307  308  313  314  327  328  331  334  335  340  341  346  347  354    4   10   16   21   23   27   31   33   37   41   44   49   53   57   62   68   73   75   77   81   84   88   92   96  101  104  110  115  120  124  128  130  135  139  141  146  151  156  159  162  165  169  174  180  185  188  193  196  200  204  206  209  214  216  221  227  231  236  240  244  248  250  253  258  262  266  272  278  282  285  288  291  295  298  302  306  312  318  322  326  330  333  339  345  349  353  356    2    3    8    9   14   15   20   25   26   30   36   43   47   48   51   52   60   61   66   67   72   83   91   95  100  103  108  109  114  118  119  122  123  133  134  138  145  150  154  155  158  161  168  172  173  178  179  184  187  192  195  199  203  212  213  220  225  226  230  234  235  239  247  256  257  264  265  270  271  276  277  284  287  293  294  300  301  310  311  316  317  320  321  324  325  337  338  343  344  351  352    1    7   13   19   22   24   29   32   35   40   42   46   50   56   59   65   71   74   76   80   82   87   90   94   99  102  107  113  117  121  127  132  137  140  144  149  153  157  160  164  167  171  177  183  186  191  194  198  202  205  208  211  215  219  224  229  233  238  243  246  249  252  255  261  263  269  275  281  283  286  290  292  297  299  305  309  315  319  323  329  332  336  342  348  350  355  357 ];
subjinfo.nFP_Ts = [ 0 ];
subjinfo.nOmissions_Ts = [ 0 ];
subjinfo.nHits_Ts = [ 357 ];
subjinfo.AN_meanRT_Ts = [ 0.47582 ];
subjinfo.AN_sdRT_Ts = [ 0.11249 ];
subjinfo.HA_meanRT_Ts = [ 0.35266 ];
subjinfo.HA_sdRT_Ts = [ 0.15897 ];
subjinfo.val_meanRT_Ts = [ 0.48047 ];
subjinfo.val_sdRT_Ts = [ 0.11007 ];
subjinfo.inval_meanRT_Ts = [ 0.48737 ];
subjinfo.inval_sdRT_Ts = [ 0.099777 ];
subjinfo.AN_val_1_nOmissionTrials_Ts_fine = [ 0 ];
subjinfo.AN_val_1_nFpTrials_Ts_fine = [ 0 ];
subjinfo.AN_val_1_nHitTrials_Ts_fine = [ 59 ];
subjinfo.AN_val_2_nOmissionTrials_Ts_fine = [ 0 ];
subjinfo.AN_val_2_nFpTrials_Ts_fine = [ 0 ];
subjinfo.AN_val_2_nHitTrials_Ts_fine = [ 32 ];
subjinfo.AN_inval_1_nOmissionTrials_Ts_fine = [ 0 ];
subjinfo.AN_inval_1_nFpTrials_Ts_fine = [ 0 ];
subjinfo.AN_inval_1_nHitTrials_Ts_fine = [ 19 ];
subjinfo.AN_inval_2_nOmissionTrials_Ts_fine = [ 0 ];
subjinfo.AN_inval_2_nFpTrials_Ts_fine = [ 0 ];
subjinfo.AN_inval_2_nHitTrials_Ts_fine = [ 28 ];
subjinfo.AN_inval_3_nOmissionTrials_Ts_fine = [ 0 ];
subjinfo.AN_inval_3_nFpTrials_Ts_fine = [ 0 ];
subjinfo.AN_inval_3_nHitTrials_Ts_fine = [ 40 ];
subjinfo.HA_val_1_nOmissionTrials_Ts_fine = [ 0 ];
subjinfo.HA_val_1_nFpTrials_Ts_fine = [ 0 ];
subjinfo.HA_val_1_nHitTrials_Ts_fine = [ 60 ];
subjinfo.HA_val_2_nOmissionTrials_Ts_fine = [ 1 ];
subjinfo.HA_val_2_nFpTrials_Ts_fine = [ 1 ];
subjinfo.HA_val_2_nHitTrials_Ts_fine = [ 29 ];
subjinfo.HA_inval_1_nOmissionTrials_Ts_fine = [ 0 ];
subjinfo.HA_inval_1_nFpTrials_Ts_fine = [ 0 ];
subjinfo.HA_inval_1_nHitTrials_Ts_fine = [ 18 ];
subjinfo.HA_inval_2_nOmissionTrials_Ts_fine = [ 0 ];
subjinfo.HA_inval_2_nFpTrials_Ts_fine = [ 0 ];
subjinfo.HA_inval_2_nHitTrials_Ts_fine = [ 28 ];
subjinfo.HA_inval_3_nOmissionTrials_Ts_fine = [ 0 ];
subjinfo.HA_inval_3_nFpTrials_Ts_fine = [ 0 ];
subjinfo.HA_inval_3_nHitTrials_Ts_fine = [ 42 ];
subjinfo.allFp_Ts_fine = [ 267 ];
subjinfo.allOmissions_Ts_fine = [ 52 ];
subjinfo.allHits_Ts_fine = [ 5   11   17   28   34   38   45   54   58   63   69   78   85   89   93   97  105  111  116  125  129  132  137  143  148  153  164  167  171  176  182  191  199  203  209  212  219  224  230  234  239  243  247  253  256  261  269  275  281  291  298  309  315  329  333  336  342  348  356    6   12   18   39   55   64   70   79   86   98  106  112  126  144  149  177  183  192  220  225  244  262  270  276  282  306  310  316  330  337  343  349   41   57   81   88  128  131  166  211  246  255  264  284  293  300  308  332  335  351  358   21   31   37   44   73   84   92   96  101  104  115  140  147  152  160  163  170  186  195  198  202  206  223  233  242  250  287  290    4   10   16   23   27   33   49   53   62   68   75   77  110  120  124  136  142  157  175  181  190  208  216  218  229  238  252  260  268  274  280  297  304  314  320  324  328  341  347  355    2    8   14   20   25   30   36   43   47   51   60   66   72   83   91   95  100  103  108  114  118  122  134  139  146  151  155  159  162  169  173  179  185  188  194  197  201  205  214  222  227  232  236  241  249  258  266  272  278  286  289  295  302  312  318  322  326  339  345  353    3    9   15   26   48   61   67  109  119  123  135  156  174  180  215  228  237  259  273  279  296  303  313  319  323  327  340  346  354    1   22   32   50   74  102  121  141  158  161  187  196  207  217  251  288  321  325   29   35   46   59   90   94  117  130  133  138  154  165  168  172  200  204  210  213  231  235  240  248  254  257  292  299  334  357    7   13   19   24   40   42   56   65   71   76   80   82   87   99  107  113  127  145  150  178  184  193  221  226  245  263  265  271  277  283  285  294  301  307  311  317  331  338  344  350  352  359 ];
subjinfo.nFP_Ts_fine = [ 1 ];
subjinfo.nOmissions_Ts_fine = [ 1 ];
subjinfo.nHits_Ts_fine = [ 355 ];
subjinfo.AN_val_1_meanRT_Ts_fine = [ 0.46147 ];
subjinfo.AN_val_1_sdRT_Ts_fine = [ 0.11765 ];
subjinfo.AN_val_2_meanRT_Ts_fine = [ 0.49854 ];
subjinfo.AN_val_2_sdRT_Ts_fine = [ 0.088975 ];
subjinfo.AN_inval_1_meanRT_Ts_fine = [ 0.51891 ];
subjinfo.AN_inval_1_sdRT_Ts_fine = [ 0.086265 ];
subjinfo.AN_inval_2_meanRT_Ts_fine = [ 0.44866 ];
subjinfo.AN_inval_2_sdRT_Ts_fine = [ 0.097704 ];
subjinfo.AN_inval_3_meanRT_Ts_fine = [ 0.44551 ];
subjinfo.AN_inval_3_sdRT_Ts_fine = [ 0.13007 ];
subjinfo.HA_val_1_meanRT_Ts_fine = [ 0.38151 ];
subjinfo.HA_val_1_sdRT_Ts_fine = [ 0.16629 ];
subjinfo.HA_val_2_meanRT_Ts_fine = [ 0.51832 ];
subjinfo.HA_val_2_sdRT_Ts_fine = [ 0.21247 ];
subjinfo.HA_inval_1_meanRT_Ts_fine = [ 0.58637 ];
subjinfo.HA_inval_1_sdRT_Ts_fine = [ 0.21061 ];
subjinfo.HA_inval_2_meanRT_Ts_fine = [ 0.37807 ];
subjinfo.HA_inval_2_sdRT_Ts_fine = [ 0.1261 ];
subjinfo.HA_inval_3_meanRT_Ts_fine = [ 0.38523 ];
subjinfo.HA_inval_3_sdRT_Ts_fine = [ 0.16233 ];
subjinfo.AN_meanRT_Ts_fine = [ 0.46866 ];
subjinfo.AN_sdRT_Ts_fine = [ 0.11179 ];
subjinfo.HA_meanRT_Ts_fine = [ 0.4251 ];
subjinfo.HA_sdRT_Ts_fine = [ 0.18651 ];
subjinfo.val_meanRT_Ts_fine = [ 0.4745 ];
subjinfo.val_sdRT_Ts_fine = [ 0.10938 ];
subjinfo.inval_meanRT_Ts_fine = [ 0.47706 ];
subjinfo.inval_sdRT_Ts_fine = [ 0.098638 ];
subjinfo.AN_val_1_propHit_Ts_fine = [ 1 ];
subjinfo.AN_val_1_propOm_Ts_fine = [ 0 ];
subjinfo.AN_val_1_propFP_Ts_fine = [ 0 ];
subjinfo.AN_val_2_propHit_Ts_fine = [ 1 ];
subjinfo.AN_val_2_propOm_Ts_fine = [ 0 ];
subjinfo.AN_val_2_propFP_Ts_fine = [ 0 ];
subjinfo.AN_inval_1_propHit_Ts_fine = [ 1 ];
subjinfo.AN_inval_1_propOm_Ts_fine = [ 0 ];
subjinfo.AN_inval_1_propFP_Ts_fine = [ 0 ];
subjinfo.AN_inval_2_propHit_Ts_fine = [ 1 ];
subjinfo.AN_inval_2_propOm_Ts_fine = [ 0 ];
subjinfo.AN_inval_2_propFP_Ts_fine = [ 0 ];
subjinfo.AN_inval_3_propHit_Ts_fine = [ 1 ];
subjinfo.AN_inval_3_propOm_Ts_fine = [ 0 ];
subjinfo.AN_inval_3_propFP_Ts_fine = [ 0 ];
subjinfo.HA_val_1_propHit_Ts_fine = [ 1 ];
subjinfo.HA_val_1_propOm_Ts_fine = [ 0 ];
subjinfo.HA_val_1_propFP_Ts_fine = [ 0 ];
subjinfo.HA_val_2_propHit_Ts_fine = [ 0.93548 ];
subjinfo.HA_val_2_propOm_Ts_fine = [ 0.032258 ];
subjinfo.HA_val_2_propFP_Ts_fine = [ 0.032258 ];
