subjinfo.emg_data = 'yes';
subjinfo.allFp_Ts = [ 3   10   30   31   39   65   69   70   80   88   89   94  100  113  119  120  126  133  142  149  150  153  158  188  225   17   19   21   29   64   75  104  112  131  137  141  146  160  239  254 ];
subjinfo.allOmissions_Ts = [ 295 ];
subjinfo.allHits_Ts = [ 6    7   13   18   34   38   46   47   60   81   99  105  116  127  132  138  164  165  173  177  178  180  184  192  199  200  204  212  213  216  219  226  237  238  240  245  251  255  256  263  271  272  279  280  287  290  291  298  299  302  310  315  316  319  322  323    2    9   12   23   26   33   37   41   45   51   53   55   59   68   72   79   84   87   93   98  102  108  115  118  124  125  148  152  157  163  169  170  172  176  179  183  187  191  194  198  203  207  211  215  218  222  224  229  233  236  244  249  258  262  266  270  275  278  284  286  289  294  297  301  306  309  314  318  321  325    1    5   15   16   25   28   36   43   44   49   50   57   58   62   63   67   74   77   78   83   86   91   92   96   97  107  111  122  123  129  130  135  136  140  144  145  155  156  159  162  167  168  175  182  186  190  196  197  202  206  209  210  221  228  231  232  235  242  243  247  248  253  260  261  265  268  269  273  274  277  282  283  293  296  304  305  308  312  313  327  328    4    8   11   14   20   22   24   27   32   35   40   42   48   52   54   56   61   66   71   73   76   82   85   90   95  101  103  106  109  110  114  117  121  128  134  139  143  147  151  154  161  166  171  174  181  185  189  193  195  201  205  208  214  217  220  223  227  230  234  241  246  250  252  257  259  264  267  276  281  285  288  292  300  303  307  311  317  320  324  326 ];
subjinfo.nFP_Ts = [ 40 ];
subjinfo.nOmissions_Ts = [ 1 ];
subjinfo.nHits_Ts = [ 287 ];
subjinfo.AN_meanRT_Ts = [ 0.68862 ];
subjinfo.AN_sdRT_Ts = [ 0.4303 ];
subjinfo.HA_meanRT_Ts = [ 0.41702 ];
subjinfo.HA_sdRT_Ts = [ 0.30051 ];
subjinfo.val_meanRT_Ts = [ 0.7041 ];
subjinfo.val_sdRT_Ts = [ 0.47686 ];
subjinfo.inval_meanRT_Ts = [ 0.71246 ];
subjinfo.inval_sdRT_Ts = [ 0.44938 ];
subjinfo.emg_data = 'yes';
subjinfo.AN_val_1_nOmissionTrials_Ts_fine = [ 5 ];
subjinfo.AN_val_1_nFpTrials_Ts_fine = [ 11 ];
subjinfo.AN_val_1_nHitTrials_Ts_fine = [ 24 ];
subjinfo.AN_val_2_nOmissionTrials_Ts_fine = [ 0 ];
subjinfo.AN_val_2_nFpTrials_Ts_fine = [ 8 ];
subjinfo.AN_val_2_nHitTrials_Ts_fine = [ 19 ];
subjinfo.AN_inval_1_nOmissionTrials_Ts_fine = [ 0 ];
subjinfo.AN_inval_1_nFpTrials_Ts_fine = [ 0 ];
subjinfo.AN_inval_1_nHitTrials_Ts_fine = [ 13 ];
subjinfo.AN_inval_2_nOmissionTrials_Ts_fine = [ 1 ];
subjinfo.AN_inval_2_nFpTrials_Ts_fine = [ 3 ];
subjinfo.AN_inval_2_nHitTrials_Ts_fine = [ 16 ];
subjinfo.AN_inval_3_nOmissionTrials_Ts_fine = [ 3 ];
subjinfo.AN_inval_3_nFpTrials_Ts_fine = [ 6 ];
subjinfo.AN_inval_3_nHitTrials_Ts_fine = [ 31 ];
subjinfo.HA_val_1_nOmissionTrials_Ts_fine = [ 3 ];
subjinfo.HA_val_1_nFpTrials_Ts_fine = [ 3 ];
subjinfo.HA_val_1_nHitTrials_Ts_fine = [ 42 ];
subjinfo.HA_val_2_nOmissionTrials_Ts_fine = [ 2 ];
subjinfo.HA_val_2_nFpTrials_Ts_fine = [ 2 ];
subjinfo.HA_val_2_nHitTrials_Ts_fine = [ 22 ];
subjinfo.HA_inval_1_nOmissionTrials_Ts_fine = [ 1 ];
subjinfo.HA_inval_1_nFpTrials_Ts_fine = [ 2 ];
subjinfo.HA_inval_1_nHitTrials_Ts_fine = [ 8 ];
subjinfo.HA_inval_2_nOmissionTrials_Ts_fine = [ 0 ];
subjinfo.HA_inval_2_nFpTrials_Ts_fine = [ 1 ];
subjinfo.HA_inval_2_nHitTrials_Ts_fine = [ 19 ];
subjinfo.HA_inval_3_nOmissionTrials_Ts_fine = [ 1 ];
subjinfo.HA_inval_3_nFpTrials_Ts_fine = [ 4 ];
subjinfo.HA_inval_3_nHitTrials_Ts_fine = [ 32 ];
subjinfo.allFp_Ts_fine = [ 4   33   81   92  106  140  146  156  163  167  173    5   16   42   51   82  101  147  168   40   87  280    9   24   30  145  151  160   55   95  154   75   90   64  161   78   60  148  169  283 ];
subjinfo.allOmissions_Ts_fine = [ 41  100  132  209  248  125   76  110  122  170  217  244  185  267  323  250 ];
subjinfo.allHits_Ts_fine = [ 10   19   25   58   72  111  117  129  152  196  205  213  220  260  264  281  297  315  318  331  340  345  349  353   11   20   26   46   59   93  133  141  164  221  235  249  261  298  308  319  328  346  354   18   28   53  114  128  166  215  237  240  263  348  352  356   96   99  176  191  195  200  204  208  212  229  245  252  259  292  322  339    3   37   63   65   67   71   91  105  137  139  162  172  180  186  188  219  225  233  247  256  268  274  276  288  296  302  306  312  314  335  344    1    7   13   22   35   48   74   86   89   98  103  108  119  124  143  149  178  184  190  194  199  203  207  211  223  228  231  251  254  258  266  272  286  291  300  304  310  321  324  333  338  358    2    8   23  109  136  144  159  171  179  218  224  232  255  287  295  301  305  311  325  334  343  359   38   88  121  138  177  246  275  303   34   73  107  118  127  130  153  157  174  193  202  210  214  227  239  265  278  337  341    6   12   17   27   29   31   43   47   52   54   66   68   83   94  102  113  115  123  134  142  165  189  198  216  243  271  285  299  320  347  351  357 ];
subjinfo.nFP_Ts_fine = [ 40 ];
subjinfo.nOmissions_Ts_fine = [ 16 ];
subjinfo.nHits_Ts_fine = [ 226 ];
subjinfo.AN_val_1_meanRT_Ts_fine = [ 0.75358 ];
subjinfo.AN_val_1_sdRT_Ts_fine = [ 0.45053 ];
subjinfo.AN_val_2_meanRT_Ts_fine = [ 0.90049 ];
subjinfo.AN_val_2_sdRT_Ts_fine = [ 0.65896 ];
subjinfo.AN_inval_1_meanRT_Ts_fine = [ 0.67188 ];
subjinfo.AN_inval_1_sdRT_Ts_fine = [ 0.2425 ];
subjinfo.AN_inval_2_meanRT_Ts_fine = [ 0.62939 ];
subjinfo.AN_inval_2_sdRT_Ts_fine = [ 0.38111 ];
subjinfo.AN_inval_3_meanRT_Ts_fine = [ 0.70867 ];
subjinfo.AN_inval_3_sdRT_Ts_fine = [ 0.39537 ];
subjinfo.HA_val_1_meanRT_Ts_fine = [ 0.72879 ];
subjinfo.HA_val_1_sdRT_Ts_fine = [ 0.48147 ];
subjinfo.HA_val_2_meanRT_Ts_fine = [ 0.913 ];
subjinfo.HA_val_2_sdRT_Ts_fine = [ 0.72772 ];
subjinfo.HA_inval_1_meanRT_Ts_fine = [ 0.64941 ];
subjinfo.HA_inval_1_sdRT_Ts_fine = [ 0.32774 ];
subjinfo.HA_inval_2_meanRT_Ts_fine = [ 1.0193 ];
subjinfo.HA_inval_2_sdRT_Ts_fine = [ 0.62631 ];
subjinfo.HA_inval_3_meanRT_Ts_fine = [ 1.1033 ];
subjinfo.HA_inval_3_sdRT_Ts_fine = [ 0.75665 ];
subjinfo.AN_meanRT_Ts_fine = [ 0.73756 ];
subjinfo.AN_sdRT_Ts_fine = [ 0.45199 ];
subjinfo.HA_meanRT_Ts_fine = [ 0.89888 ];
subjinfo.HA_sdRT_Ts_fine = [ 0.63708 ];
subjinfo.val_meanRT_Ts_fine = [ 0.8185 ];
subjinfo.val_sdRT_Ts_fine = [ 0.55018 ];
subjinfo.inval_meanRT_Ts_fine = [ 0.64844 ];
subjinfo.inval_sdRT_Ts_fine = [ 0.32168 ];
subjinfo.AN_val_1_propHit_Ts_fine = [ 0.6 ];
subjinfo.AN_val_1_propOm_Ts_fine = [ 0.125 ];
subjinfo.AN_val_1_propFP_Ts_fine = [ 0.275 ];
subjinfo.AN_val_2_propHit_Ts_fine = [ 0.7037 ];
subjinfo.AN_val_2_propOm_Ts_fine = [ 0 ];
subjinfo.AN_val_2_propFP_Ts_fine = [ 0.2963 ];
subjinfo.AN_inval_1_propHit_Ts_fine = [ 1 ];
subjinfo.AN_inval_1_propOm_Ts_fine = [ 0 ];
subjinfo.AN_inval_1_propFP_Ts_fine = [ 0 ];
subjinfo.AN_inval_2_propHit_Ts_fine = [ 0.8 ];
subjinfo.AN_inval_2_propOm_Ts_fine = [ 0.05 ];
subjinfo.AN_inval_2_propFP_Ts_fine = [ 0.15 ];
subjinfo.AN_inval_3_propHit_Ts_fine = [ 0.775 ];
subjinfo.AN_inval_3_propOm_Ts_fine = [ 0.075 ];
subjinfo.AN_inval_3_propFP_Ts_fine = [ 0.15 ];
subjinfo.HA_val_1_propHit_Ts_fine = [ 0.875 ];
subjinfo.HA_val_1_propOm_Ts_fine = [ 0.0625 ];
subjinfo.HA_val_1_propFP_Ts_fine = [ 0.0625 ];
subjinfo.HA_val_2_propHit_Ts_fine = [ 0.84615 ];
subjinfo.HA_val_2_propOm_Ts_fine = [ 0.076923 ];
subjinfo.HA_val_2_propFP_Ts_fine = [ 0.076923 ];
subjinfo.HA_inval_1_propHit_Ts_fine = [ 0.72727 ];
subjinfo.HA_inval_1_propOm_Ts_fine = [ 0.090909 ];
subjinfo.HA_inval_1_propFP_Ts_fine = [ 0.18182 ];
subjinfo.HA_inval_2_propHit_Ts_fine = [ 0.95 ];
subjinfo.HA_inval_2_propOm_Ts_fine = [ 0 ];
subjinfo.HA_inval_2_propFP_Ts_fine = [ 0.05 ];
subjinfo.HA_inval_3_propHit_Ts_fine = [ 0.86486 ];
subjinfo.HA_inval_3_propOm_Ts_fine = [ 0.027027 ];
subjinfo.HA_inval_3_propFP_Ts_fine = [ 0.10811 ];
subjinfo.emg_data = 'yes';
subjinfo.emg_data = 'yes';
