subjinfo.emg_data = 'yes';
subjinfo.emg_data = 'yes';
subjinfo.emg_data = 'yes';
subjinfo.emg_data = 'yes';
subjinfo.allFp_Ts = [  ];
subjinfo.allOmissions_Ts = [  ];
subjinfo.allHits_Ts = [ 5    6    9   13   14   26   30   31   37   38   46   47   52   53   58   59   62   63   68   80   81   84   90   91   99  103  104  108  111  112  115  116  121  122  130  131  135  141  142  145  160  161  164  168  169  177  180  185  186  189  194  201  202  207  211  212  216  217  220  221  235  240  241  245  251  252  259  260  266  267  270  271  275  276  280  285  292  295  302  303  311  312  318  319  326  330  335  336  340  341  345    1    4    8   12   18   22   25   29   34   36   41   45   49   51   57   61   67   72   75   79   83   87   89   95   98  102  107  110  114  120  125  127  129  134  137  140  144  149  151  155  159  163  167  172  176  179  184  188  193  197  200  204  206  210  215  219  224  227  230  234  239  244  248  250  254  258  262  265  269  274  279  284  289  291  294  297  301  307  310  314  317  323  325  329  334  339  344    3   11   16   17   20   21   24   28   33   40   43   44   55   56   65   70   71   74   77   78   86   93   94   97  101  106  118  119  124  133  136  139  143  147  148  153  154  157  158  166  171  174  175  182  183  191  192  196  198  199  209  214  223  226  229  232  233  237  238  243  247  256  257  264  273  278  282  283  287  288  299  300  305  306  309  316  321  322  328  332  333  338  343  347    2    7   10   15   19   23   27   32   35   39   42   48   50   54   60   64   66   69   73   76   82   85   88   92   96  100  105  109  113  117  123  126  128  132  138  146  150  152  156  162  165  170  173  178  181  187  190  195  203  205  208  213  218  222  225  228  231  236  242  246  249  253  255  261  263  268  272  277  281  286  290  293  296  298  304  308  313  315  320  324  327  331  337  342  346  348  349 ];
subjinfo.nFP_Ts = [ 0 ];
subjinfo.nOmissions_Ts = [ 0 ];
subjinfo.nHits_Ts = [ 349 ];
subjinfo.AN_meanRT_Ts = [ 0.49465 ];
subjinfo.AN_sdRT_Ts = [ 0.092234 ];
subjinfo.HA_meanRT_Ts = [ 0.36372 ];
subjinfo.HA_sdRT_Ts = [ 0.15384 ];
subjinfo.val_meanRT_Ts = [ 0.50206 ];
subjinfo.val_sdRT_Ts = [ 0.083956 ];
subjinfo.inval_meanRT_Ts = [ 0.47406 ];
subjinfo.inval_sdRT_Ts = [ 0.057289 ];
subjinfo.AN_val_1_nOmissionTrials_Ts_fine = [ 0 ];
subjinfo.AN_val_1_nFpTrials_Ts_fine = [ 0 ];
subjinfo.AN_val_1_nHitTrials_Ts_fine = [ 54 ];
subjinfo.AN_val_2_nOmissionTrials_Ts_fine = [ 0 ];
subjinfo.AN_val_2_nFpTrials_Ts_fine = [ 0 ];
subjinfo.AN_val_2_nHitTrials_Ts_fine = [ 34 ];
subjinfo.AN_inval_1_nOmissionTrials_Ts_fine = [ 0 ];
subjinfo.AN_inval_1_nFpTrials_Ts_fine = [ 0 ];
subjinfo.AN_inval_1_nHitTrials_Ts_fine = [ 15 ];
subjinfo.AN_inval_2_nOmissionTrials_Ts_fine = [ 0 ];
subjinfo.AN_inval_2_nFpTrials_Ts_fine = [ 0 ];
subjinfo.AN_inval_2_nHitTrials_Ts_fine = [ 33 ];
subjinfo.AN_inval_3_nOmissionTrials_Ts_fine = [ 0 ];
subjinfo.AN_inval_3_nFpTrials_Ts_fine = [ 0 ];
subjinfo.AN_inval_3_nHitTrials_Ts_fine = [ 37 ];
subjinfo.HA_val_1_nOmissionTrials_Ts_fine = [ 0 ];
subjinfo.HA_val_1_nFpTrials_Ts_fine = [ 3 ];
subjinfo.HA_val_1_nHitTrials_Ts_fine = [ 57 ];
subjinfo.HA_val_2_nOmissionTrials_Ts_fine = [ 0 ];
subjinfo.HA_val_2_nFpTrials_Ts_fine = [ 3 ];
subjinfo.HA_val_2_nHitTrials_Ts_fine = [ 25 ];
subjinfo.HA_inval_1_nOmissionTrials_Ts_fine = [ 0 ];
subjinfo.HA_inval_1_nFpTrials_Ts_fine = [ 0 ];
subjinfo.HA_inval_1_nHitTrials_Ts_fine = [ 22 ];
subjinfo.HA_inval_2_nOmissionTrials_Ts_fine = [ 0 ];
subjinfo.HA_inval_2_nFpTrials_Ts_fine = [ 1 ];
subjinfo.HA_inval_2_nHitTrials_Ts_fine = [ 23 ];
subjinfo.HA_inval_3_nOmissionTrials_Ts_fine = [ 0 ];
subjinfo.HA_inval_3_nFpTrials_Ts_fine = [ 0 ];
subjinfo.HA_inval_3_nHitTrials_Ts_fine = [ 38 ];
subjinfo.allFp_Ts_fine = [ 29   57  294   17   21   25   44 ];
subjinfo.allOmissions_Ts_fine = [  ];
subjinfo.allHits_Ts_fine = [ 5    9   13   27   31   38   43   48   54   60   64   72   89   95  104  108  114  117  121  127  137  142  150  155  170  174  178  187  190  199  212  219  223  228  232  247  252  257  263  271  278  282  292  297  304  307  314  323  330  338  342  347  352  357    6   14   32   39   49   55   61   65   85   96  109  118  122  128  138  151  171  179  196  213  224  229  233  253  264  272  279  283  288  315  324  331  348  353    1    8   51   63  116  120  173  189  231  266  274  281  306  309  326    4   12   30   35   42   79   88  103  107  131  136  141  149  154  177  182  207  216  222  227  236  239  242  256  260  277  286  291  322  329  341  351  356   18   22   26   37   47   53   59   69   71   83   94  100  113  126  133  146  159  161  165  169  186  194  203  211  218  246  251  262  270  296  301  303  313  319  335  337  346    3   11   16   20   24   34   41   45   67   74   78   81   87   91   98  102  106  111  124  130  135  140  144  148  153  157  176  181  184  192  201  206  209  215  221  226  235  238  241  244  249  255  259  268  285  290  299  311  317  321  328  333  340  344  350  355  359   46   58   68   75   82   99  112  125  145  158  164  168  185  193  202  210  245  250  269  295  300  312  318  334  345    2   19   23   36   70   77   80   93  101  132  147  160  166  183  217  237  240  243  261  302  320  336   10   28   73   90  105  115  143  156  175  188  191  200  205  220  248  258  293  298  305  308  339  343  358    7   15   33   40   50   52   56   62   66   86   97  110  119  123  134  139  162  172  180  197  214  225  230  254  265  267  273  275  280  284  289  310  316  325  327  332  349  354 ];
subjinfo.nFP_Ts_fine = [ 7 ];
subjinfo.nOmissions_Ts_fine = [ 0 ];
subjinfo.nHits_Ts_fine = [ 338 ];
subjinfo.AN_val_1_meanRT_Ts_fine = [ 0.48466 ];
subjinfo.AN_val_1_sdRT_Ts_fine = [ 0.088022 ];
subjinfo.AN_val_2_meanRT_Ts_fine = [ 0.51471 ];
subjinfo.AN_val_2_sdRT_Ts_fine = [ 0.074558 ];
subjinfo.AN_inval_1_meanRT_Ts_fine = [ 0.47396 ];
subjinfo.AN_inval_1_sdRT_Ts_fine = [ 0.06372 ];
subjinfo.AN_inval_2_meanRT_Ts_fine = [ 0.46165 ];
subjinfo.AN_inval_2_sdRT_Ts_fine = [ 0.05672 ];
subjinfo.AN_inval_3_meanRT_Ts_fine = [ 0.4981 ];
subjinfo.AN_inval_3_sdRT_Ts_fine = [ 0.13779 ];
subjinfo.HA_val_1_meanRT_Ts_fine = [ 0.61225 ];
subjinfo.HA_val_1_sdRT_Ts_fine = [ 0.41278 ];
subjinfo.HA_val_2_meanRT_Ts_fine = [ 0.70844 ];
subjinfo.HA_val_2_sdRT_Ts_fine = [ 0.45784 ];
subjinfo.HA_inval_1_meanRT_Ts_fine = [ 0.74219 ];
subjinfo.HA_inval_1_sdRT_Ts_fine = [ 0.34988 ];
subjinfo.HA_inval_2_meanRT_Ts_fine = [ 0.70856 ];
subjinfo.HA_inval_2_sdRT_Ts_fine = [ 0.41783 ];
subjinfo.HA_inval_3_meanRT_Ts_fine = [ 0.6396 ];
subjinfo.HA_inval_3_sdRT_Ts_fine = [ 0.21997 ];
subjinfo.AN_meanRT_Ts_fine = [ 0.48812 ];
subjinfo.AN_sdRT_Ts_fine = [ 0.093133 ];
subjinfo.HA_meanRT_Ts_fine = [ 0.66387 ];
subjinfo.HA_sdRT_Ts_fine = [ 0.37595 ];
subjinfo.val_meanRT_Ts_fine = [ 0.49627 ];
subjinfo.val_sdRT_Ts_fine = [ 0.083934 ];
subjinfo.inval_meanRT_Ts_fine = [ 0.46549 ];
subjinfo.inval_sdRT_Ts_fine = [ 0.058593 ];
subjinfo.AN_val_1_propHit_Ts_fine = [ 1 ];
subjinfo.AN_val_1_propOm_Ts_fine = [ 0 ];
subjinfo.AN_val_1_propFP_Ts_fine = [ 0 ];
subjinfo.AN_val_2_propHit_Ts_fine = [ 1 ];
subjinfo.AN_val_2_propOm_Ts_fine = [ 0 ];
subjinfo.AN_val_2_propFP_Ts_fine = [ 0 ];
subjinfo.AN_inval_1_propHit_Ts_fine = [ 1 ];
subjinfo.AN_inval_1_propOm_Ts_fine = [ 0 ];
subjinfo.AN_inval_1_propFP_Ts_fine = [ 0 ];
subjinfo.AN_inval_2_propHit_Ts_fine = [ 1 ];
subjinfo.AN_inval_2_propOm_Ts_fine = [ 0 ];
subjinfo.AN_inval_2_propFP_Ts_fine = [ 0 ];
subjinfo.AN_inval_3_propHit_Ts_fine = [ 1 ];
subjinfo.AN_inval_3_propOm_Ts_fine = [ 0 ];
subjinfo.AN_inval_3_propFP_Ts_fine = [ 0 ];
subjinfo.HA_val_1_propHit_Ts_fine = [ 0.95 ];
subjinfo.HA_val_1_propOm_Ts_fine = [ 0 ];
subjinfo.HA_val_1_propFP_Ts_fine = [ 0.05 ];
subjinfo.HA_val_2_propHit_Ts_fine = [ 0.89286 ];
subjinfo.HA_val_2_propOm_Ts_fine = [ 0 ];
subjinfo.HA_val_2_propFP_Ts_fine = [ 0.10714 ];
subjinfo.HA_inval_1_propHit_Ts_fine = [ 1 ];
