subjinfo.emg_data = 'yes';
subjinfo.emg_data = 'yes';
subjinfo.allFp_Ts = [ 346  351  353 ];
subjinfo.allOmissions_Ts = [ 354  350 ];
subjinfo.allHits_Ts = [ 5    8   12   13   17   18   27   31   32   36   45   48   49   58   65   66   71   72   77   78   89   92   93   97  101  102  108  109  116  117  120  121  130  131  136  137  146  150  151  155  160  167  175  179  180  183  188  189  195  196  202  203  206  210  211  215  225  229  230  235  240  241  246  248  251  255  264  269  270  273  279  280  292  296  302  303  307  311  314  315  322  323  326  327  332  341  347    4    7   11   16   20   22   26   30   35   40   44   47   53   57   62   64   68   70   76   80   84   88   91   96  100  104  107  112  115  119  125  129  133  135  139  141  145  149  154  159  164  166  170  174  178  182  187  192  194  199  201  205  209  214  219  221  224  228  234  239  245  250  254  259  263  268  272  276  278  284  287  291  295  299  301  306  310  313  318  321  325  331  334  338  340  345    2    3   10   15   24   25   29   34   38   39   42   43   51   52   55   56   60   61   74   75   82   83   86   87   95   99  106  111  114  123  124  127  128  143  144  148  153  157  158  162  163  169  172  173  177  185  186  191  198  208  213  217  218  223  227  232  233  237  238  243  244  253  257  258  261  262  266  267  275  282  283  286  289  290  294  298  305  309  317  320  329  330  336  337  343  344  349  356  357    1    6    9   14   19   21   23   28   33   37   41   46   50   54   59   63   67   69   73   79   81   85   90   94   98  103  105  110  113  118  122  126  132  134  138  140  142  147  152  156  161  165  168  171  176  181  184  190  193  197  200  204  207  212  216  220  222  226  231  236  242  247  249  252  256  260  265  271  274  277  281  285  288  293  297  300  304  308  312  316  319  324  328  333  335  339  342  348  352  355  358 ];
subjinfo.nFP_Ts = [ 3 ];
subjinfo.nOmissions_Ts = [ 2 ];
subjinfo.nHits_Ts = [ 353 ];
subjinfo.AN_meanRT_Ts = [ 0.68895 ];
subjinfo.AN_sdRT_Ts = [ 0.1931 ];
subjinfo.HA_meanRT_Ts = [ 0.3579 ];
subjinfo.HA_sdRT_Ts = [ 0.11519 ];
subjinfo.val_meanRT_Ts = [ 0.73294 ];
subjinfo.val_sdRT_Ts = [ 0.19474 ];
subjinfo.inval_meanRT_Ts = [ 0.68874 ];
subjinfo.inval_sdRT_Ts = [ 0.23149 ];
subjinfo.AN_val_1_nOmissionTrials_Ts_fine = [ 1 ];
subjinfo.AN_val_1_nFpTrials_Ts_fine = [ 1 ];
subjinfo.AN_val_1_nHitTrials_Ts_fine = [ 58 ];
subjinfo.AN_val_2_nOmissionTrials_Ts_fine = [ 0 ];
subjinfo.AN_val_2_nFpTrials_Ts_fine = [ 0 ];
subjinfo.AN_val_2_nHitTrials_Ts_fine = [ 28 ];
subjinfo.AN_inval_1_nOmissionTrials_Ts_fine = [ 0 ];
subjinfo.AN_inval_1_nFpTrials_Ts_fine = [ 0 ];
subjinfo.AN_inval_1_nHitTrials_Ts_fine = [ 19 ];
subjinfo.AN_inval_2_nOmissionTrials_Ts_fine = [ 1 ];
subjinfo.AN_inval_2_nFpTrials_Ts_fine = [ 0 ];
subjinfo.AN_inval_2_nHitTrials_Ts_fine = [ 27 ];
subjinfo.AN_inval_3_nOmissionTrials_Ts_fine = [ 0 ];
subjinfo.AN_inval_3_nFpTrials_Ts_fine = [ 0 ];
subjinfo.AN_inval_3_nHitTrials_Ts_fine = [ 42 ];
subjinfo.HA_val_1_nOmissionTrials_Ts_fine = [ 0 ];
subjinfo.HA_val_1_nFpTrials_Ts_fine = [ 0 ];
subjinfo.HA_val_1_nHitTrials_Ts_fine = [ 59 ];
subjinfo.HA_val_2_nOmissionTrials_Ts_fine = [ 1 ];
subjinfo.HA_val_2_nFpTrials_Ts_fine = [ 0 ];
subjinfo.HA_val_2_nHitTrials_Ts_fine = [ 29 ];
subjinfo.HA_inval_1_nOmissionTrials_Ts_fine = [ 0 ];
subjinfo.HA_inval_1_nFpTrials_Ts_fine = [ 0 ];
subjinfo.HA_inval_1_nHitTrials_Ts_fine = [ 18 ];
subjinfo.HA_inval_2_nOmissionTrials_Ts_fine = [ 0 ];
subjinfo.HA_inval_2_nFpTrials_Ts_fine = [ 0 ];
subjinfo.HA_inval_2_nHitTrials_Ts_fine = [ 31 ];
subjinfo.HA_inval_3_nOmissionTrials_Ts_fine = [ 0 ];
subjinfo.HA_inval_3_nFpTrials_Ts_fine = [ 0 ];
subjinfo.HA_inval_3_nHitTrials_Ts_fine = [ 39 ];
subjinfo.allFp_Ts_fine = [ 353 ];
subjinfo.allOmissions_Ts_fine = [ 356  352   87 ];
subjinfo.allHits_Ts_fine = [ 5    8   12   17   27   31   36   45   48   58   65   71   77   89   92   97  101  109  117  121  131  137  147  151  156  161  168  176  180  184  189  196  203  207  211  216  226  230  236  241  247  250  253  257  266  271  275  281  294  298  304  309  313  316  324  328  334  343   13   18   32   49   66   72   78   93  102  110  118  122  132  138  152  181  190  197  212  231  242  272  282  305  317  325  329  349    7   20   47   68   80   91  104  120  134  140  183  206  249  252  274  315  327  336  355   11   16   30   35   96  100  113  116  150  155  171  179  193  200  210  215  225  229  256  278  289  297  301  308  312  320  323    4   22   26   40   44   53   57   62   64   70   76   84   88  108  126  130  136  142  146  160  165  167  175  188  195  202  220  222  235  240  246  261  265  270  280  286  293  303  333  340  342  347    2   10   15   24   29   34   38   42   51   55   60   74   82   86   95   99  106  112  115  124  128  144  149  154  158  163  170  173  178  186  192  199  209  214  218  224  228  233  238  244  255  259  263  268  277  284  288  291  296  300  307  311  319  322  331  338  345  351  358    3   25   39   43   52   56   61   75   83  107  125  129  145  159  164  174  187  219  234  239  245  260  269  285  292  332  339  346  359   41   54   63   85  114  127  166  172  194  201  221  262  279  287  290  302  321  341    6    9   28   37   59   90   98  148  157  162  169  177  185  208  217  227  237  248  251  254  258  267  276  295  299  310  314  335  344  354  357   14   19   21   23   33   50   67   69   73   79   81   94  103  105  111  119  123  133  135  139  141  143  153  182  191  198  205  213  223  232  243  273  283  306  318  326  330  337  350 ];
subjinfo.nFP_Ts_fine = [ 1 ];
subjinfo.nOmissions_Ts_fine = [ 3 ];
subjinfo.nHits_Ts_fine = [ 350 ];
subjinfo.AN_val_1_meanRT_Ts_fine = [ 0.71579 ];
subjinfo.AN_val_1_sdRT_Ts_fine = [ 0.19189 ];
subjinfo.AN_val_2_meanRT_Ts_fine = [ 0.71568 ];
subjinfo.AN_val_2_sdRT_Ts_fine = [ 0.17709 ];
subjinfo.AN_inval_1_meanRT_Ts_fine = [ 0.57895 ];
subjinfo.AN_inval_1_sdRT_Ts_fine = [ 0.071123 ];
subjinfo.AN_inval_2_meanRT_Ts_fine = [ 0.67361 ];
subjinfo.AN_inval_2_sdRT_Ts_fine = [ 0.2575 ];
subjinfo.AN_inval_3_meanRT_Ts_fine = [ 0.62965 ];
subjinfo.AN_inval_3_sdRT_Ts_fine = [ 0.1092 ];
subjinfo.HA_val_1_meanRT_Ts_fine = [ 0.35686 ];
subjinfo.HA_val_1_sdRT_Ts_fine = [ 0.256 ];
subjinfo.HA_val_2_meanRT_Ts_fine = [ 0.3521 ];
subjinfo.HA_val_2_sdRT_Ts_fine = [ 0.10626 ];
subjinfo.HA_inval_1_meanRT_Ts_fine = [ 0.37413 ];
subjinfo.HA_inval_1_sdRT_Ts_fine = [ 0.062436 ];
subjinfo.HA_inval_2_meanRT_Ts_fine = [ 0.40045 ];
subjinfo.HA_inval_2_sdRT_Ts_fine = [ 0.096445 ];
subjinfo.HA_inval_3_meanRT_Ts_fine = [ 0.38822 ];
subjinfo.HA_inval_3_sdRT_Ts_fine = [ 0.061884 ];
subjinfo.AN_meanRT_Ts_fine = [ 0.67349 ];
subjinfo.AN_sdRT_Ts_fine = [ 0.18078 ];
subjinfo.HA_meanRT_Ts_fine = [ 0.37247 ];
subjinfo.HA_sdRT_Ts_fine = [ 0.16333 ];
subjinfo.val_meanRT_Ts_fine = [ 0.71575 ];
subjinfo.val_sdRT_Ts_fine = [ 0.18616 ];
subjinfo.inval_meanRT_Ts_fine = [ 0.63451 ];
subjinfo.inval_sdRT_Ts_fine = [ 0.20628 ];
subjinfo.AN_val_1_propHit_Ts_fine = [ 0.96667 ];
subjinfo.AN_val_1_propOm_Ts_fine = [ 0.016667 ];
subjinfo.AN_val_1_propFP_Ts_fine = [ 0.016667 ];
subjinfo.AN_val_2_propHit_Ts_fine = [ 1 ];
subjinfo.AN_val_2_propOm_Ts_fine = [ 0 ];
subjinfo.AN_val_2_propFP_Ts_fine = [ 0 ];
subjinfo.AN_inval_1_propHit_Ts_fine = [ 1 ];
subjinfo.AN_inval_1_propOm_Ts_fine = [ 0 ];
subjinfo.AN_inval_1_propFP_Ts_fine = [ 0 ];
subjinfo.AN_inval_2_propHit_Ts_fine = [ 0.96429 ];
subjinfo.AN_inval_2_propOm_Ts_fine = [ 0.035714 ];
subjinfo.AN_inval_2_propFP_Ts_fine = [ 0 ];
subjinfo.AN_inval_3_propHit_Ts_fine = [ 1 ];
subjinfo.AN_inval_3_propOm_Ts_fine = [ 0 ];
subjinfo.AN_inval_3_propFP_Ts_fine = [ 0 ];
subjinfo.HA_val_1_propHit_Ts_fine = [ 1 ];
subjinfo.HA_val_1_propOm_Ts_fine = [ 0 ];
subjinfo.HA_val_1_propFP_Ts_fine = [ 0 ];
subjinfo.HA_val_2_propHit_Ts_fine = [ 0.96667 ];
subjinfo.HA_val_2_propOm_Ts_fine = [ 0.033333 ];
subjinfo.HA_val_2_propFP_Ts_fine = [ 0 ];
