subjinfo.emg_data = 'yes';
subjinfo.emg_data = 'yes';
subjinfo.allFp_Ts = [ 178  241  307  352  353 ];
subjinfo.allOmissions_Ts = [ 72  22  31  20 ];
subjinfo.allHits_Ts = [ 1    2    5   11   12   28   29   34   38   39   48   49   54   57   62   66   67   73   77   78   83   91   95   98   99  104  105  114  117  120  121  130  131  139  142  146  147  150  167  173  182  183  186  187  191  192  196  197  201  202  215  216  221  226  229  233  237  249  250  257  258  265  266  269  273  284  288  289  292  297  301  302  306  312  315  316  323  330  337  338  341  342  350  351    4    7   10   14   16   19   23   27   33   37   43   47   51   56   61   65   69   76   82   87   90   94   97  103  107  109  113  116  119  125  129  135  138  141  145  149  153  156  160  163  166  170  172  177  181  185  190  195  200  204  208  210  214  220  225  232  236  240  245  248  252  256  260  264  268  272  277  279  283  287  291  296  300  305  311  314  320  322  326  329  333  336  340  346  349    9   18   21   25   26   32   36   41   42   45   46   53   59   60   64   71   75   80   81   85   86   89   93  101  102  111  112  123  124  127  128  133  134  137  144  152  155  158  159  162  165  169  175  176  180  189  194  199  206  207  212  213  218  219  223  224  228  231  235  239  243  244  247  254  255  262  263  271  275  276  281  282  294  295  299  304  309  310  318  319  325  328  332  335  344  345  347  348    3    6    8   13   15   17   24   30   35   40   44   50   52   55   58   63   68   70   74   79   84   88   92   96  100  106  108  110  115  118  122  126  132  136  140  143  148  151  154  157  161  164  168  171  174  179  184  188  193  198  203  205  209  211  217  222  227  230  234  238  242  246  251  253  259  261  267  270  274  278  280  285  286  290  293  298  303  308  313  317  321  324  327  331  334  339  343 ];
subjinfo.nFP_Ts = [ 5 ];
subjinfo.nOmissions_Ts = [ 4 ];
subjinfo.nHits_Ts = [ 344 ];
subjinfo.AN_meanRT_Ts = [ 0.49357 ];
subjinfo.AN_sdRT_Ts = [ 0.086923 ];
subjinfo.HA_meanRT_Ts = [ 0.49138 ];
subjinfo.HA_sdRT_Ts = [ 0.33689 ];
subjinfo.val_meanRT_Ts = [ 0.50623 ];
subjinfo.val_sdRT_Ts = [ 0.079882 ];
subjinfo.inval_meanRT_Ts = [ 0.49267 ];
subjinfo.inval_sdRT_Ts = [ 0.091072 ];
subjinfo.AN_val_1_nOmissionTrials_Ts_fine = [ 0 ];
subjinfo.AN_val_1_nFpTrials_Ts_fine = [ 2 ];
subjinfo.AN_val_1_nHitTrials_Ts_fine = [ 57 ];
subjinfo.AN_val_2_nOmissionTrials_Ts_fine = [ 1 ];
subjinfo.AN_val_2_nFpTrials_Ts_fine = [ 0 ];
subjinfo.AN_val_2_nHitTrials_Ts_fine = [ 30 ];
subjinfo.AN_inval_1_nOmissionTrials_Ts_fine = [ 0 ];
subjinfo.AN_inval_1_nFpTrials_Ts_fine = [ 0 ];
subjinfo.AN_inval_1_nHitTrials_Ts_fine = [ 19 ];
subjinfo.AN_inval_2_nOmissionTrials_Ts_fine = [ 1 ];
subjinfo.AN_inval_2_nFpTrials_Ts_fine = [ 1 ];
subjinfo.AN_inval_2_nHitTrials_Ts_fine = [ 32 ];
subjinfo.AN_inval_3_nOmissionTrials_Ts_fine = [ 0 ];
subjinfo.AN_inval_3_nFpTrials_Ts_fine = [ 0 ];
subjinfo.AN_inval_3_nHitTrials_Ts_fine = [ 36 ];
subjinfo.HA_val_1_nOmissionTrials_Ts_fine = [ 13 ];
subjinfo.HA_val_1_nFpTrials_Ts_fine = [ 0 ];
subjinfo.HA_val_1_nHitTrials_Ts_fine = [ 49 ];
subjinfo.HA_val_2_nOmissionTrials_Ts_fine = [ 6 ];
subjinfo.HA_val_2_nFpTrials_Ts_fine = [ 0 ];
subjinfo.HA_val_2_nHitTrials_Ts_fine = [ 23 ];
subjinfo.HA_inval_1_nOmissionTrials_Ts_fine = [ 3 ];
subjinfo.HA_inval_1_nFpTrials_Ts_fine = [ 1 ];
subjinfo.HA_inval_1_nHitTrials_Ts_fine = [ 15 ];
subjinfo.HA_inval_2_nOmissionTrials_Ts_fine = [ 7 ];
subjinfo.HA_inval_2_nFpTrials_Ts_fine = [ 1 ];
subjinfo.HA_inval_2_nHitTrials_Ts_fine = [ 20 ];
subjinfo.HA_inval_3_nOmissionTrials_Ts_fine = [ 10 ];
subjinfo.HA_inval_3_nFpTrials_Ts_fine = [ 0 ];
subjinfo.HA_inval_3_nHitTrials_Ts_fine = [ 32 ];
subjinfo.allFp_Ts_fine = [ 183  247  359  140  236 ];
subjinfo.allOmissions_Ts_fine = [ 313   76   11   20   23   33   63   68   84   89   93  105  127  137  141   24   28   34   45  106  212   22   26   92   59   62   78   88  100  119  155    3   15   19   32   38   43   83  104  110  112 ];
subjinfo.allHits_Ts_fine = [ 1    5   13   30   36   41   51   58   61   66   70   77   81   87   95   99  102  108  118  121  124  134  143  146  150  154  171  177  187  191  196  201  206  220  226  231  235  239  243  255  263  271  275  279  290  294  298  303  307  312  318  321  329  336  343  347  357    2    6   14   31   37   42   52   71   82  103  109  125  135  151  178  188  192  197  202  207  221  256  264  272  295  308  322  344  348  358    4   16   54   60   73  101  111  120  123  145  153  190  209  258  266  274  297  320  346    9   12   21   40   57   69   80   94   98  142  149  157  160  167  170  174  186  195  200  205  234  238  242  246  254  278  306  311  332  335  339  342   18   25   29   35   46   50   65   86   91  107  113  117  129  133  139  164  176  182  213  215  219  225  230  251  262  270  283  285  289  293  302  317  326  328  352  356    8   27   39   44   48   56   75   79   97  115  131  148  156  159  162  166  169  173  180  185  194  199  204  211  217  223  228  233  237  241  245  249  253  260  268  277  281  287  300  305  310  315  324  331  334  338  341  350  354   49   64   85   90  116  128  132  138  163  181  218  224  229  250  261  269  282  288  301  316  325  351  355   10   47  130  158  161  165  168  175  214  252  284  327  333  340  353   67   96  122  144  147  172  184  227  232  240  244  248  276  280  291  299  304  319  330  337    7   17   53   55   72   74  114  126  136  152  179  189  193  198  203  208  210  216  222  257  259  265  267  273  286  292  296  309  314  323  345  349 ];
subjinfo.nFP_Ts_fine = [ 5 ];
subjinfo.nOmissions_Ts_fine = [ 41 ];
subjinfo.nHits_Ts_fine = [ 313 ];
subjinfo.AN_val_1_meanRT_Ts_fine = [ 0.49137 ];
subjinfo.AN_val_1_sdRT_Ts_fine = [ 0.075394 ];
subjinfo.AN_val_2_meanRT_Ts_fine = [ 0.51927 ];
subjinfo.AN_val_2_sdRT_Ts_fine = [ 0.086041 ];
subjinfo.AN_inval_1_meanRT_Ts_fine = [ 0.50822 ];
subjinfo.AN_inval_1_sdRT_Ts_fine = [ 0.091423 ];
subjinfo.AN_inval_2_meanRT_Ts_fine = [ 0.47144 ];
subjinfo.AN_inval_2_sdRT_Ts_fine = [ 0.08829 ];
subjinfo.AN_inval_3_meanRT_Ts_fine = [ 0.46072 ];
subjinfo.AN_inval_3_sdRT_Ts_fine = [ 0.092486 ];
subjinfo.HA_val_1_meanRT_Ts_fine = [ 0.5955 ];
subjinfo.HA_val_1_sdRT_Ts_fine = [ 0.46469 ];
subjinfo.HA_val_2_meanRT_Ts_fine = [ 0.65115 ];
subjinfo.HA_val_2_sdRT_Ts_fine = [ 0.46127 ];
subjinfo.HA_inval_1_meanRT_Ts_fine = [ 0.50469 ];
subjinfo.HA_inval_1_sdRT_Ts_fine = [ 0.24849 ];
subjinfo.HA_inval_2_meanRT_Ts_fine = [ 0.55742 ];
subjinfo.HA_inval_2_sdRT_Ts_fine = [ 0.49501 ];
subjinfo.HA_inval_3_meanRT_Ts_fine = [ 0.48682 ];
subjinfo.HA_inval_3_sdRT_Ts_fine = [ 0.22239 ];
subjinfo.AN_meanRT_Ts_fine = [ 0.48801 ];
subjinfo.AN_sdRT_Ts_fine = [ 0.086613 ];
subjinfo.HA_meanRT_Ts_fine = [ 0.56441 ];
subjinfo.HA_sdRT_Ts_fine = [ 0.40438 ];
subjinfo.val_meanRT_Ts_fine = [ 0.50099 ];
subjinfo.val_sdRT_Ts_fine = [ 0.079848 ];
subjinfo.inval_meanRT_Ts_fine = [ 0.48514 ];
subjinfo.inval_sdRT_Ts_fine = [ 0.090359 ];
subjinfo.AN_val_1_propHit_Ts_fine = [ 0.9661 ];
subjinfo.AN_val_1_propOm_Ts_fine = [ 0 ];
subjinfo.AN_val_1_propFP_Ts_fine = [ 0.033898 ];
subjinfo.AN_val_2_propHit_Ts_fine = [ 0.96774 ];
subjinfo.AN_val_2_propOm_Ts_fine = [ 0.032258 ];
subjinfo.AN_val_2_propFP_Ts_fine = [ 0 ];
subjinfo.AN_inval_1_propHit_Ts_fine = [ 1 ];
subjinfo.AN_inval_1_propOm_Ts_fine = [ 0 ];
subjinfo.AN_inval_1_propFP_Ts_fine = [ 0 ];
subjinfo.AN_inval_2_propHit_Ts_fine = [ 0.94118 ];
subjinfo.AN_inval_2_propOm_Ts_fine = [ 0.029412 ];
subjinfo.AN_inval_2_propFP_Ts_fine = [ 0.029412 ];
subjinfo.AN_inval_3_propHit_Ts_fine = [ 1 ];
subjinfo.AN_inval_3_propOm_Ts_fine = [ 0 ];
subjinfo.AN_inval_3_propFP_Ts_fine = [ 0 ];
subjinfo.HA_val_1_propHit_Ts_fine = [ 0.79032 ];
subjinfo.HA_val_1_propOm_Ts_fine = [ 0.20968 ];
subjinfo.HA_val_1_propFP_Ts_fine = [ 0 ];
subjinfo.HA_val_2_propHit_Ts_fine = [ 0.7931 ];
subjinfo.HA_val_2_propOm_Ts_fine = [ 0.2069 ];
