subjinfo.allFp_Ts = [ 356 ];
subjinfo.allOmissions_Ts = [  ];
subjinfo.allHits_Ts = [ 7    8   17   21   22   27   28   34   35   38   41   42   58   63   64   68   72   73   76   77   83   84   89   94   97  100  105  112  115  116  120  121  125  126  131  132  138  141  149  153  159  160  164  165  168  169  176  183  184  193  194  199  205  212  221  222  225  228  229  233  234  239  240  247  248  252  257  261  273  274  277  282  283  287  293  294  300  305  306  311  317  320  327  328  332  333  338  341  342  345  357    3    6   12   16   20   26   31   33   37   40   44   47   49   53   57   62   67   71   75   80   82   88   93   96  104  108  111  114  119  124  130  134  137  140  145  148  152  156  158  163  167  171  175  178  182  188  192  198  202  204  207  211  216  220  224  227  232  238  242  246  251  256  260  264  268  272  276  281  286  289  292  296  299  304  310  314  316  319  324  326  331  337  340  344  348  352    2    5   10   11   14   15   19   24   25   30   46   51   52   55   56   60   61   66   70   79   86   87   91   92   99  102  103  107  110  118  123  128  129  136  143  144  147  151  155  162  173  174  180  181  186  187  190  191  196  197  201  209  210  214  215  218  219  231  236  237  244  245  250  254  255  259  263  266  267  270  271  279  280  285  291  298  302  303  308  309  313  322  323  330  335  336  347  350  351  354  355    1    4    9   13   18   23   29   32   36   39   43   45   48   50   54   59   65   69   74   78   81   85   90   95   98  101  106  109  113  117  122  127  133  135  139  142  146  150  154  157  161  166  170  172  177  179  185  189  195  200  203  206  208  213  217  223  226  230  235  241  243  249  253  258  262  265  269  275  278  284  288  290  295  297  301  307  312  315  318  321  325  329  334  339  343  346  349  353 ];
subjinfo.nFP_Ts = [ 1 ];
subjinfo.nOmissions_Ts = [ 0 ];
subjinfo.nHits_Ts = [ 356 ];
subjinfo.AN_meanRT_Ts = [ 0.58161 ];
subjinfo.AN_sdRT_Ts = [ 0.11457 ];
subjinfo.HA_meanRT_Ts = [ 0.45134 ];
subjinfo.HA_sdRT_Ts = [ 0.088461 ];
subjinfo.val_meanRT_Ts = [ 0.61264 ];
subjinfo.val_sdRT_Ts = [ 0.13974 ];
subjinfo.inval_meanRT_Ts = [ 0.55371 ];
subjinfo.inval_sdRT_Ts = [ 0.073652 ];
subjinfo.AN_val_1_nOmissionTrials_Ts_fine = [ 0 ];
subjinfo.AN_val_1_nFpTrials_Ts_fine = [ 0 ];
subjinfo.AN_val_1_nHitTrials_Ts_fine = [ 60 ];
subjinfo.AN_val_2_nOmissionTrials_Ts_fine = [ 0 ];
subjinfo.AN_val_2_nFpTrials_Ts_fine = [ 0 ];
subjinfo.AN_val_2_nHitTrials_Ts_fine = [ 30 ];
subjinfo.AN_inval_1_nOmissionTrials_Ts_fine = [ 0 ];
subjinfo.AN_inval_1_nFpTrials_Ts_fine = [ 0 ];
subjinfo.AN_inval_1_nHitTrials_Ts_fine = [ 21 ];
subjinfo.AN_inval_2_nOmissionTrials_Ts_fine = [ 0 ];
subjinfo.AN_inval_2_nFpTrials_Ts_fine = [ 0 ];
subjinfo.AN_inval_2_nHitTrials_Ts_fine = [ 28 ];
subjinfo.AN_inval_3_nOmissionTrials_Ts_fine = [ 1 ];
subjinfo.AN_inval_3_nFpTrials_Ts_fine = [ 0 ];
subjinfo.AN_inval_3_nHitTrials_Ts_fine = [ 38 ];
subjinfo.HA_val_1_nOmissionTrials_Ts_fine = [ 0 ];
subjinfo.HA_val_1_nFpTrials_Ts_fine = [ 0 ];
subjinfo.HA_val_1_nHitTrials_Ts_fine = [ 60 ];
subjinfo.HA_val_2_nOmissionTrials_Ts_fine = [ 0 ];
subjinfo.HA_val_2_nFpTrials_Ts_fine = [ 0 ];
subjinfo.HA_val_2_nHitTrials_Ts_fine = [ 32 ];
subjinfo.HA_inval_1_nOmissionTrials_Ts_fine = [ 0 ];
subjinfo.HA_inval_1_nFpTrials_Ts_fine = [ 0 ];
subjinfo.HA_inval_1_nHitTrials_Ts_fine = [ 19 ];
subjinfo.HA_inval_2_nOmissionTrials_Ts_fine = [ 0 ];
subjinfo.HA_inval_2_nFpTrials_Ts_fine = [ 0 ];
subjinfo.HA_inval_2_nHitTrials_Ts_fine = [ 30 ];
subjinfo.HA_inval_3_nOmissionTrials_Ts_fine = [ 0 ];
subjinfo.HA_inval_3_nFpTrials_Ts_fine = [ 0 ];
subjinfo.HA_inval_3_nHitTrials_Ts_fine = [ 39 ];
subjinfo.AN_val_1_meanRT_Ts_fine = [ 0.60169 ];
subjinfo.AN_val_1_sdRT_Ts_fine = [ 0.14966 ];
subjinfo.AN_val_2_meanRT_Ts_fine = [ 0.61458 ];
subjinfo.AN_val_2_sdRT_Ts_fine = [ 0.12226 ];
subjinfo.AN_inval_1_meanRT_Ts_fine = [ 0.53051 ];
subjinfo.AN_inval_1_sdRT_Ts_fine = [ 0.064182 ];
subjinfo.AN_inval_2_meanRT_Ts_fine = [ 0.56278 ];
subjinfo.AN_inval_2_sdRT_Ts_fine = [ 0.090123 ];
subjinfo.AN_inval_3_meanRT_Ts_fine = [ 0.53762 ];
subjinfo.AN_inval_3_sdRT_Ts_fine = [ 0.056274 ];
subjinfo.HA_val_1_meanRT_Ts_fine = [ 0.48893 ];
subjinfo.HA_val_1_sdRT_Ts_fine = [ 0.087828 ];
subjinfo.HA_val_2_meanRT_Ts_fine = [ 0.50708 ];
subjinfo.HA_val_2_sdRT_Ts_fine = [ 0.094864 ];
subjinfo.HA_inval_1_meanRT_Ts_fine = [ 0.43709 ];
subjinfo.HA_inval_1_sdRT_Ts_fine = [ 0.045066 ];
subjinfo.HA_inval_2_meanRT_Ts_fine = [ 0.42292 ];
subjinfo.HA_inval_2_sdRT_Ts_fine = [ 0.053175 ];
subjinfo.HA_inval_3_meanRT_Ts_fine = [ 0.44391 ];
subjinfo.HA_inval_3_sdRT_Ts_fine = [ 0.095041 ];
subjinfo.AN_val_1_propHit_Ts_fine = [ 1 ];
subjinfo.AN_val_1_propOm_Ts_fine = [ 0 ];
subjinfo.AN_val_1_propFP_Ts_fine = [ 0 ];
subjinfo.AN_val_2_propHit_Ts_fine = [ 1 ];
subjinfo.AN_val_2_propOm_Ts_fine = [ 0 ];
subjinfo.AN_val_2_propFP_Ts_fine = [ 0 ];
subjinfo.AN_inval_1_propHit_Ts_fine = [ 1 ];
subjinfo.AN_inval_1_propOm_Ts_fine = [ 0 ];
subjinfo.AN_inval_1_propFP_Ts_fine = [ 0 ];
subjinfo.AN_inval_2_propHit_Ts_fine = [ 1 ];
subjinfo.AN_inval_2_propOm_Ts_fine = [ 0 ];
subjinfo.AN_inval_2_propFP_Ts_fine = [ 0 ];
subjinfo.AN_inval_3_propHit_Ts_fine = [ 0.97436 ];
subjinfo.AN_inval_3_propOm_Ts_fine = [ 0.025641 ];
subjinfo.AN_inval_3_propFP_Ts_fine = [ 0 ];
subjinfo.HA_val_1_propHit_Ts_fine = [ 1 ];
subjinfo.HA_val_1_propOm_Ts_fine = [ 0 ];
subjinfo.HA_val_1_propFP_Ts_fine = [ 0 ];
subjinfo.HA_val_2_propHit_Ts_fine = [ 1 ];
subjinfo.HA_val_2_propOm_Ts_fine = [ 0 ];
subjinfo.HA_val_2_propFP_Ts_fine = [ 0 ];
subjinfo.HA_inval_1_propHit_Ts_fine = [ 1 ];
subjinfo.HA_inval_1_propOm_Ts_fine = [ 0 ];
subjinfo.HA_inval_1_propFP_Ts_fine = [ 0 ];
subjinfo.HA_inval_2_propHit_Ts_fine = [ 1 ];
subjinfo.HA_inval_2_propOm_Ts_fine = [ 0 ];
subjinfo.HA_inval_2_propFP_Ts_fine = [ 0 ];
subjinfo.HA_inval_3_propHit_Ts_fine = [ 1 ];
subjinfo.HA_inval_3_propOm_Ts_fine = [ 0 ];
subjinfo.HA_inval_3_propFP_Ts_fine = [ 0 ];
subjinfo.allFp_Ts_fine = [  ];
subjinfo.allOmissions_Ts_fine = [ 358 ];
subjinfo.allHits_Ts_fine = [ 7   17   21   27   34   38   41   58   63   68   72   76   83   89   94   97  101  106  113  116  127  133  140  143  151  155  161  166  170  178  185  195  201  207  214  223  227  230  235  241  249  254  259  263  275  279  284  289  295  302  307  313  319  322  329  334  340  343  347  359    8   22   28   35   42   64   73   77   84  117  122  128  134  162  167  171  186  196  224  231  236  242  250  276  285  296  308  330  335  344   37   40   44   75   96  115  136  142  169  173  180  209  226  229  244  278  291  298  321  342  346    3    6   20   31   47   67   71   80  100  109  112  120  139  150  154  158  165  204  234  253  262  266  288  294  301  316  333  350   12   16   26   33   49   53   57   62   82   88   93  105  126  132  147  160  177  184  190  194  200  206  213  218  222  240  248  258  270  274  283  306  312  318  326  328  339  354    2    5   10   14   19   24   30   46   51   55   60   66   70   79   86   91   99  103  108  111  119  124  130  138  145  149  153  157  164  175  182  188  192  198  203  211  216  220  233  238  246  252  256  261  265  268  272  281  287  293  300  304  310  315  324  332  337  349  352  356   11   15   25   52   56   61   87   92  104  125  131  146  176  183  189  193  199  212  217  221  239  247  257  269  273  282  305  311  325  338  353  357    1    4   13   32   48   54   81  110  148  159  191  205  219  267  271  317  327  351  355   18   39   59   69   90   95   98  102  107  114  141  144  152  156  179  202  208  215  228  255  260  264  280  290  303  314  320  323  341  348    9   23   29   36   43   45   50   65   74   78   85  118  123  129  135  137  163  168  172  174  181  187  197  210  225  232  237  243  245  251  277  286  292  297  299  309  331  336  345 ];
subjinfo.nFP_Ts_fine = [ 0 ];
subjinfo.nOmissions_Ts_fine = [ 1 ];
subjinfo.nHits_Ts_fine = [ 357 ];
