subjinfo.allFp_Ts = [ 48  95 ];
subjinfo.allOmissions_Ts = [  ];
subjinfo.allHits_Ts = [ 6   18   22   25   26   33   36   37   39   44   51   59   63   64   70   75   76   81   87   88   92   93   96  103  104  112  117  120  123  124  128  136  140  141  145  146  150  151  162  163  172  177  178  183  188  191  195  196  199  200  205  220  221  226  227  230  236  237  241  245  261  265  268  272  276  277  280  281  288  292  293  300  301  306  311  314  317    2    5   10   14   17   21   24   32   35   43   47   50   55   58   61   62   66   69   74   80   86   90   99  102  108  111  114  116  119  122  127  131  135  139  144  149  154  158  161  166  168  171  174  182  187  190  194  198  204  208  210  212  216  217  218  219  225  229  232  240  249  252  254  257  260  264  267  271  275  279  285  287  291  296  299  305  310  313  316  320    4    8    9   12   13   16   20   28   30   31   41   42   46   53   54   57   68   72   73   78   79   83   85   89   94   98  101  106  107  109  110  126  130  133  134  138  143  148  153  156  157  160  165  170  176  180  181  185  186  193  202  203  207  214  215  223  224  234  235  239  243  244  247  248  251  256  259  263  270  274  283  284  290  295  298  303  304  308  309  319    1    3    7   11   15   19   23   27   29   34   38   40   45   49   52   56   60   65   67   71   77   82   84   91   97  100  105  113  115  118  121  125  129  132  137  142  147  152  155  159  164  167  169  173  175  179  184  189  192  197  201  206  209  211  213  222  228  231  233  238  242  246  250  253  255  258  262  266  269  273  278  282  286  289  294  297  302  307  312  315  318 ];
subjinfo.nFP_Ts = [ 2 ];
subjinfo.nOmissions_Ts = [ 0 ];
subjinfo.nHits_Ts = [ 318 ];
subjinfo.AN_meanRT_Ts = [ 0.68546 ];
subjinfo.AN_sdRT_Ts = [ 0.29143 ];
subjinfo.HA_meanRT_Ts = [ 0.48535 ];
subjinfo.HA_sdRT_Ts = [ 0.4144 ];
subjinfo.val_meanRT_Ts = [ 0.75233 ];
subjinfo.val_sdRT_Ts = [ 0.22734 ];
subjinfo.inval_meanRT_Ts = [ 0.58743 ];
subjinfo.inval_sdRT_Ts = [ 0.3273 ];
subjinfo.AN_val_1_nOmissionTrials_Ts_fine = [ 0 ];
subjinfo.AN_val_1_nFpTrials_Ts_fine = [ 1 ];
subjinfo.AN_val_1_nHitTrials_Ts_fine = [ 54 ];
subjinfo.AN_val_2_nOmissionTrials_Ts_fine = [ 0 ];
subjinfo.AN_val_2_nFpTrials_Ts_fine = [ 0 ];
subjinfo.AN_val_2_nHitTrials_Ts_fine = [ 27 ];
subjinfo.AN_inval_1_nOmissionTrials_Ts_fine = [ 0 ];
subjinfo.AN_inval_1_nFpTrials_Ts_fine = [ 0 ];
subjinfo.AN_inval_1_nHitTrials_Ts_fine = [ 14 ];
subjinfo.AN_inval_2_nOmissionTrials_Ts_fine = [ 0 ];
subjinfo.AN_inval_2_nFpTrials_Ts_fine = [ 1 ];
subjinfo.AN_inval_2_nHitTrials_Ts_fine = [ 17 ];
subjinfo.AN_inval_3_nOmissionTrials_Ts_fine = [ 0 ];
subjinfo.AN_inval_3_nFpTrials_Ts_fine = [ 0 ];
subjinfo.AN_inval_3_nHitTrials_Ts_fine = [ 29 ];
subjinfo.HA_val_1_nOmissionTrials_Ts_fine = [ 0 ];
subjinfo.HA_val_1_nFpTrials_Ts_fine = [ 6 ];
subjinfo.HA_val_1_nHitTrials_Ts_fine = [ 35 ];
subjinfo.HA_val_2_nOmissionTrials_Ts_fine = [ 0 ];
subjinfo.HA_val_2_nFpTrials_Ts_fine = [ 4 ];
subjinfo.HA_val_2_nHitTrials_Ts_fine = [ 13 ];
subjinfo.HA_inval_1_nOmissionTrials_Ts_fine = [ 0 ];
subjinfo.HA_inval_1_nFpTrials_Ts_fine = [ 2 ];
subjinfo.HA_inval_1_nHitTrials_Ts_fine = [ 12 ];
subjinfo.HA_inval_2_nOmissionTrials_Ts_fine = [ 0 ];
subjinfo.HA_inval_2_nFpTrials_Ts_fine = [ 4 ];
subjinfo.HA_inval_2_nHitTrials_Ts_fine = [ 23 ];
subjinfo.HA_inval_3_nOmissionTrials_Ts_fine = [ 0 ];
subjinfo.HA_inval_3_nFpTrials_Ts_fine = [ 10 ];
subjinfo.HA_inval_3_nHitTrials_Ts_fine = [ 25 ];
subjinfo.allFp_Ts_fine = [ 57  112   94  119  198  235  272  321    9   14   84  205  152  284   72  208  217  297  115  123  145  195  197  240  246  259  316  340 ];
subjinfo.allOmissions_Ts_fine = [  ];
subjinfo.allHits_Ts_fine = [ 6   11   19   24   27   32   37   41   52   68   71   74   81   92   96  113  121  127  132  137  140  143  148  156  161  166  171  183  193  201  207  212  216  224  230  251  257  261  269  279  292  296  301  305  310  314  318  326  330  338  344  349  352  355   20   28   38   42   87  102  109  114  122  144  162  167  172  184  194  202  221  225  252  262  270  302  315  319  331  339  356    2   26   40   59   70   73   77  134  142  196  260  264  317  354   18   23   31   67   80  117  120  151  175  215  233  248  273  291  295  329  337   10   36   51   56   85   91  100  107  126  131  136  155  160  179  189  200  206  211  237  239  245  250  256  268  278  283  288  309  325    4   17   22   34   44   54   62   66   79   83   89   98  111  124  129  150  164  174  177  209  232  241  254  276  281  285  290  294  298  307  312  328  333  336  341   63   90   99  130  154  159  199  228  236  267  282  299  342    1   16   65  106  118  176  180  234  244  249  324  335    7   12   25   33   48   53   58   61   69   97  128  133  138  141  149  157  213  231  275  293  327  345  353    3   21   39   43   76   78   88  110  163  168  173  185  190  203  222  226  253  263  265  271  289  303  320  332  357 ];
subjinfo.nFP_Ts_fine = [ 28 ];
subjinfo.nOmissions_Ts_fine = [ 0 ];
subjinfo.nHits_Ts_fine = [ 249 ];
subjinfo.AN_val_1_meanRT_Ts_fine = [ 0.73163 ];
subjinfo.AN_val_1_sdRT_Ts_fine = [ 0.27044 ];
subjinfo.AN_val_2_meanRT_Ts_fine = [ 0.72164 ];
subjinfo.AN_val_2_sdRT_Ts_fine = [ 0.17123 ];
subjinfo.AN_inval_1_meanRT_Ts_fine = [ 0.64286 ];
subjinfo.AN_inval_1_sdRT_Ts_fine = [ 0.33427 ];
subjinfo.AN_inval_2_meanRT_Ts_fine = [ 0.57445 ];
subjinfo.AN_inval_2_sdRT_Ts_fine = [ 0.24956 ];
subjinfo.AN_inval_3_meanRT_Ts_fine = [ 0.67376 ];
subjinfo.AN_inval_3_sdRT_Ts_fine = [ 0.30043 ];
subjinfo.HA_val_1_meanRT_Ts_fine = [ 1.2676 ];
subjinfo.HA_val_1_sdRT_Ts_fine = [ 0.69419 ];
subjinfo.HA_val_2_meanRT_Ts_fine = [ 1.1484 ];
subjinfo.HA_val_2_sdRT_Ts_fine = [ 0.73037 ];
subjinfo.HA_inval_1_meanRT_Ts_fine = [ 0.75521 ];
subjinfo.HA_inval_1_sdRT_Ts_fine = [ 0.49849 ];
subjinfo.HA_inval_2_meanRT_Ts_fine = [ 1.1495 ];
subjinfo.HA_inval_2_sdRT_Ts_fine = [ 0.55293 ];
subjinfo.HA_inval_3_meanRT_Ts_fine = [ 1.2481 ];
subjinfo.HA_inval_3_sdRT_Ts_fine = [ 0.6984 ];
subjinfo.AN_meanRT_Ts_fine = [ 0.69005 ];
subjinfo.AN_sdRT_Ts_fine = [ 0.26728 ];
subjinfo.HA_meanRT_Ts_fine = [ 1.1667 ];
subjinfo.HA_sdRT_Ts_fine = [ 0.65935 ];
subjinfo.val_meanRT_Ts_fine = [ 0.7283 ];
subjinfo.val_sdRT_Ts_fine = [ 0.24084 ];
subjinfo.inval_meanRT_Ts_fine = [ 0.60534 ];
subjinfo.inval_sdRT_Ts_fine = [ 0.28781 ];
subjinfo.AN_val_1_propHit_Ts_fine = [ 0.98182 ];
subjinfo.AN_val_1_propOm_Ts_fine = [ 0 ];
subjinfo.AN_val_1_propFP_Ts_fine = [ 0.018182 ];
subjinfo.AN_val_2_propHit_Ts_fine = [ 1 ];
subjinfo.AN_val_2_propOm_Ts_fine = [ 0 ];
subjinfo.AN_val_2_propFP_Ts_fine = [ 0 ];
subjinfo.AN_inval_1_propHit_Ts_fine = [ 1 ];
subjinfo.AN_inval_1_propOm_Ts_fine = [ 0 ];
subjinfo.AN_inval_1_propFP_Ts_fine = [ 0 ];
subjinfo.AN_inval_2_propHit_Ts_fine = [ 0.94444 ];
subjinfo.AN_inval_2_propOm_Ts_fine = [ 0 ];
subjinfo.AN_inval_2_propFP_Ts_fine = [ 0.055556 ];
subjinfo.AN_inval_3_propHit_Ts_fine = [ 1 ];
subjinfo.AN_inval_3_propOm_Ts_fine = [ 0 ];
subjinfo.AN_inval_3_propFP_Ts_fine = [ 0 ];
subjinfo.HA_val_1_propHit_Ts_fine = [ 0.85366 ];
subjinfo.HA_val_1_propOm_Ts_fine = [ 0 ];
subjinfo.HA_val_1_propFP_Ts_fine = [ 0.14634 ];
subjinfo.HA_val_2_propHit_Ts_fine = [ 0.76471 ];
subjinfo.HA_val_2_propOm_Ts_fine = [ 0 ];
subjinfo.HA_val_2_propFP_Ts_fine = [ 0.23529 ];
subjinfo.HA_inval_1_propHit_Ts_fine = [ 0.85714 ];
subjinfo.HA_inval_1_propOm_Ts_fine = [ 0 ];
subjinfo.HA_inval_1_propFP_Ts_fine = [ 0.14286 ];
subjinfo.HA_inval_2_propHit_Ts_fine = [ 0.85185 ];
subjinfo.HA_inval_2_propOm_Ts_fine = [ 0 ];
subjinfo.HA_inval_2_propFP_Ts_fine = [ 0.14815 ];
subjinfo.HA_inval_3_propHit_Ts_fine = [ 0.71429 ];
subjinfo.HA_inval_3_propOm_Ts_fine = [ 0 ];
subjinfo.HA_inval_3_propFP_Ts_fine = [ 0.28571 ];
subjinfo.emg_data = 'yes';
subjinfo.emg_data = 'yes';
subjinfo.AN_val_nOmissionTrials_Rp = [ 0 ];
subjinfo.AN_val_nFpTrials_Rp = [ 0 ];
subjinfo.AN_val_nHitTrials_Rp = [ 46 ];
