subjinfo.allFp_Ts = [ 38  40  49 ];
subjinfo.allOmissions_Ts = [  ];
subjinfo.allHits_Ts = [ 4    9   12   16   20   26   30   33   45   50   51   58   59   65   69   74   75   78   82   83   88   92   93   97   98  106  111  114  115  122  125  128  132  133  141  145  151  154  158  159  163  168  173  177  178  183  184  187  200  203  207  210  214  215  220  221  226  229  237  238  250  259  260  263  264  268  269  273  284  287  288  296  301  302  307  308  312  313  318  319  325  326  333  337  338  345  346  353    3    8   11   15   19   23   25   29   32   37   44   55   57   62   64   68   73   77   81   87   91   96  102  105  110  113  117  121  124  127  131  136  140  144  147  150  153  157  162  167  172  176  182  186  191  193  196  199  202  206  209  213  219  225  228  233  236  241  243  247  249  254  258  262  267  272  276  279  283  286  290  293  295  300  306  311  317  321  324  330  332  336  340  344  349  352    1    2    6    7   14   18   22   28   35   36   42   43   47   48   53   54   61   67   71   72   80   85   86   90   95  100  101  104  108  109  119  120  130  135  138  139  143  146  149  156  161  165  166  170  171  175  180  181  189  190  195  198  205  212  217  218  223  224  231  232  235  240  245  246  252  253  256  257  266  271  275  278  281  282  292  298  299  304  305  310  315  316  323  328  329  335  342  343  348  351    5   10   13   17   21   24   27   31   34   39   41   46   52   56   60   63   66   70   76   79   84   89   94   99  103  107  112  116  118  123  126  129  134  137  142  148  152  155  160  164  169  174  179  185  188  192  194  197  201  204  208  211  216  222  227  230  234  239  242  244  248  251  255  261  265  270  274  277  280  285  289  291  294  297  303  309  314  320  322  327  331  334  339  341  347  350  354  355 ];
subjinfo.nFP_Ts = [ 3 ];
subjinfo.nOmissions_Ts = [ 0 ];
subjinfo.nHits_Ts = [ 352 ];
subjinfo.AN_meanRT_Ts = [ 0.57884 ];
subjinfo.AN_sdRT_Ts = [ 0.20332 ];
subjinfo.HA_meanRT_Ts = [ 0.48701 ];
subjinfo.HA_sdRT_Ts = [ 0.15242 ];
subjinfo.val_meanRT_Ts = [ 0.58478 ];
subjinfo.val_sdRT_Ts = [ 0.18577 ];
subjinfo.inval_meanRT_Ts = [ 0.57234 ];
subjinfo.inval_sdRT_Ts = [ 0.24392 ];
subjinfo.AN_val_1_nOmissionTrials_Ts_fine = [ 0 ];
subjinfo.AN_val_1_nFpTrials_Ts_fine = [ 1 ];
subjinfo.AN_val_1_nHitTrials_Ts_fine = [ 61 ];
subjinfo.AN_val_2_nOmissionTrials_Ts_fine = [ 0 ];
subjinfo.AN_val_2_nFpTrials_Ts_fine = [ 0 ];
subjinfo.AN_val_2_nHitTrials_Ts_fine = [ 28 ];
subjinfo.AN_inval_1_nOmissionTrials_Ts_fine = [ 0 ];
subjinfo.AN_inval_1_nFpTrials_Ts_fine = [ 1 ];
subjinfo.AN_inval_1_nHitTrials_Ts_fine = [ 16 ];
subjinfo.AN_inval_2_nOmissionTrials_Ts_fine = [ 0 ];
subjinfo.AN_inval_2_nFpTrials_Ts_fine = [ 0 ];
subjinfo.AN_inval_2_nHitTrials_Ts_fine = [ 34 ];
subjinfo.AN_inval_3_nOmissionTrials_Ts_fine = [ 0 ];
subjinfo.AN_inval_3_nFpTrials_Ts_fine = [ 1 ];
subjinfo.AN_inval_3_nHitTrials_Ts_fine = [ 34 ];
subjinfo.HA_val_1_nOmissionTrials_Ts_fine = [ 4 ];
subjinfo.HA_val_1_nFpTrials_Ts_fine = [ 0 ];
subjinfo.HA_val_1_nHitTrials_Ts_fine = [ 58 ];
subjinfo.HA_val_2_nOmissionTrials_Ts_fine = [ 2 ];
subjinfo.HA_val_2_nFpTrials_Ts_fine = [ 0 ];
subjinfo.HA_val_2_nHitTrials_Ts_fine = [ 26 ];
subjinfo.HA_inval_1_nOmissionTrials_Ts_fine = [ 1 ];
subjinfo.HA_inval_1_nFpTrials_Ts_fine = [ 0 ];
subjinfo.HA_inval_1_nHitTrials_Ts_fine = [ 16 ];
subjinfo.HA_inval_2_nOmissionTrials_Ts_fine = [ 2 ];
subjinfo.HA_inval_2_nFpTrials_Ts_fine = [ 0 ];
subjinfo.HA_inval_2_nHitTrials_Ts_fine = [ 32 ];
subjinfo.HA_inval_3_nOmissionTrials_Ts_fine = [ 4 ];
subjinfo.HA_inval_3_nFpTrials_Ts_fine = [ 0 ];
subjinfo.HA_inval_3_nHitTrials_Ts_fine = [ 29 ];
subjinfo.allFp_Ts_fine = [ 39  41  50 ];
subjinfo.allOmissions_Ts_fine = [ 272  298  310  316  111  288  300  129  280  137  271  295  297 ];
subjinfo.allHits_Ts_fine = [ 4   10   13   17   21   27   31   34   46   59   66   70   75   79   83   89   93   99  108  113  116  124  128  131  135  144  148  156  159  163  168  173  183  189  193  206  209  213  216  220  226  232  235  243  256  265  269  274  279  290  293  302  307  313  318  324  331  339  343  351  359    5   52   60   76   84   94  100  117  136  149  164  179  184  190  221  227  244  266  270  275  294  308  314  319  325  332  344  352   12   33   78  115  119  130  158  192  208  215  234  268  292  296  327  346   16   20   24   30   63   69   82   92  107  127  134  139  147  152  155  162  167  182  202  205  212  219  242  247  273  278  282  285  299  317  330  342  355  358    3    9   26   38   45   56   58   65   74   88   98  104  123  143  172  177  188  197  199  225  231  239  253  255  260  264  289  301  306  312  323  336  338  350    7   15   19   23   29   36   43   48   54   62   68   72   81   86   91   96  102  106  110  121  126  133  138  141  146  151  154  161  166  170  175  181  186  195  201  204  211  218  223  229  237  241  246  251  258  262  277  281  284  287  304  321  329  334  341  348  354  357    2   37   44   49   55   73   87   97  103  122  142  171  176  187  196  224  230  238  252  259  263  305  311  322  335  349   25   57   64  105  140  153  198  203  240  248  254  261  283  286  337  356   11   14   18   22   32   35   40   47   67   71   80   90  109  114  125  132  145  157  160  169  174  194  207  210  214  217  233  236  257  291  303  340   42   53   61   77   85   95  101  118  120  150  165  180  185  191  200  222  228  245  250  267  276  309  315  320  326  333  345  347  353 ];
subjinfo.nFP_Ts_fine = [ 3 ];
subjinfo.nOmissions_Ts_fine = [ 13 ];
subjinfo.nHits_Ts_fine = [ 334 ];
subjinfo.AN_val_1_meanRT_Ts_fine = [ 0.54931 ];
subjinfo.AN_val_1_sdRT_Ts_fine = [ 0.17634 ];
subjinfo.AN_val_2_meanRT_Ts_fine = [ 0.62863 ];
subjinfo.AN_val_2_sdRT_Ts_fine = [ 0.1971 ];
subjinfo.AN_inval_1_meanRT_Ts_fine = [ 0.5415 ];
subjinfo.AN_inval_1_sdRT_Ts_fine = [ 0.078214 ];
subjinfo.AN_inval_2_meanRT_Ts_fine = [ 0.57468 ];
subjinfo.AN_inval_2_sdRT_Ts_fine = [ 0.29188 ];
subjinfo.AN_inval_3_meanRT_Ts_fine = [ 0.56687 ];
subjinfo.AN_inval_3_sdRT_Ts_fine = [ 0.18936 ];
subjinfo.HA_val_1_meanRT_Ts_fine = [ 0.5326 ];
subjinfo.HA_val_1_sdRT_Ts_fine = [ 0.26925 ];
subjinfo.HA_val_2_meanRT_Ts_fine = [ 0.69651 ];
subjinfo.HA_val_2_sdRT_Ts_fine = [ 0.36445 ];
subjinfo.HA_inval_1_meanRT_Ts_fine = [ 0.53125 ];
subjinfo.HA_inval_1_sdRT_Ts_fine = [ 0.16971 ];
subjinfo.HA_inval_2_meanRT_Ts_fine = [ 0.57983 ];
subjinfo.HA_inval_2_sdRT_Ts_fine = [ 0.42172 ];
subjinfo.HA_inval_3_meanRT_Ts_fine = [ 0.50135 ];
subjinfo.HA_inval_3_sdRT_Ts_fine = [ 0.13902 ];
subjinfo.AN_meanRT_Ts_fine = [ 0.56986 ];
subjinfo.AN_sdRT_Ts_fine = [ 0.20371 ];
subjinfo.HA_meanRT_Ts_fine = [ 0.56269 ];
subjinfo.HA_sdRT_Ts_fine = [ 0.30199 ];
subjinfo.val_meanRT_Ts_fine = [ 0.57426 ];
subjinfo.val_sdRT_Ts_fine = [ 0.18572 ];
subjinfo.inval_meanRT_Ts_fine = [ 0.56406 ];
subjinfo.inval_sdRT_Ts_fine = [ 0.24391 ];
subjinfo.AN_val_1_propHit_Ts_fine = [ 0.98387 ];
subjinfo.AN_val_1_propOm_Ts_fine = [ 0 ];
subjinfo.AN_val_1_propFP_Ts_fine = [ 0.016129 ];
subjinfo.AN_val_2_propHit_Ts_fine = [ 1 ];
subjinfo.AN_val_2_propOm_Ts_fine = [ 0 ];
subjinfo.AN_val_2_propFP_Ts_fine = [ 0 ];
subjinfo.AN_inval_1_propHit_Ts_fine = [ 0.94118 ];
subjinfo.AN_inval_1_propOm_Ts_fine = [ 0 ];
subjinfo.AN_inval_1_propFP_Ts_fine = [ 0.058824 ];
subjinfo.AN_inval_2_propHit_Ts_fine = [ 1 ];
subjinfo.AN_inval_2_propOm_Ts_fine = [ 0 ];
subjinfo.AN_inval_2_propFP_Ts_fine = [ 0 ];
subjinfo.AN_inval_3_propHit_Ts_fine = [ 0.97143 ];
subjinfo.AN_inval_3_propOm_Ts_fine = [ 0 ];
subjinfo.AN_inval_3_propFP_Ts_fine = [ 0.028571 ];
subjinfo.HA_val_1_propHit_Ts_fine = [ 0.93548 ];
subjinfo.HA_val_1_propOm_Ts_fine = [ 0.064516 ];
subjinfo.HA_val_1_propFP_Ts_fine = [ 0 ];
subjinfo.HA_val_2_propHit_Ts_fine = [ 0.92857 ];
subjinfo.HA_val_2_propOm_Ts_fine = [ 0.071429 ];
subjinfo.HA_val_2_propFP_Ts_fine = [ 0 ];
subjinfo.HA_inval_1_propHit_Ts_fine = [ 0.94118 ];
