subjinfo.allFp_Ts = [ 79  260 ];
subjinfo.allOmissions_Ts = [  ];
subjinfo.allHits_Ts = [ 3    7   10   13   18   22   23   29   34   39   40   51   52   55   56   66   71   72   75   80   91   92   95   96   98   99  105  109  116  120  131  132  138  139  144  151  152  156  162  165  172  177  181  182  186  190  191  196  200  201  209  213  216  221  224  225  232  244  249  252  257  261  264  266  267  272  275  278  279  292  293  298  299  303  310  311  318  319  323  324  329  334  338  343    6    9   12   17   21   25   28   33   38   44   46   50   54   58   61   65   70   74   78   84   87   90   94  101  104  108  111  115  122  126  130  135  137  143  148  150  155  159  161  164  167  171  176  180  185  189  195  199  205  208  212  215  220  223  228  231  235  239  243  248  251  256  259  263  265  271  274  277  282  286  289  291  297  302  306  309  315  317  322  328  333  337  340  342    2    5   15   16   20   27   31   32   36   37   42   43   48   49   60   63   64   68   69   77   82   83   86   89  103  107  113  114  118  119  124  125  128  129  134  141  142  146  147  154  157  158  169  170  174  175  179  184  188  193  194  198  203  204  207  211  218  219  227  234  237  238  241  242  246  247  254  255  269  270  281  284  285  288  295  296  301  305  308  313  314  321  326  327  331  332  336  345    1    4    8   11   14   19   24   26   30   35   41   45   47   53   57   59   62   67   73   76   81   85   88   93   97  100  102  106  110  112  117  121  123  127  133  136  140  145  149  153  160  163  166  168  173  178  183  187  192  197  202  206  210  214  217  222  226  229  230  233  236  240  245  250  253  258  262  268  273  276  280  283  287  290  294  300  304  307  312  316  320  325  330  335  339  341  344  346  347 ];
subjinfo.nFP_Ts = [ 2 ];
subjinfo.nOmissions_Ts = [ 0 ];
subjinfo.nHits_Ts = [ 345 ];
subjinfo.AN_meanRT_Ts = [ 0.48921 ];
subjinfo.AN_sdRT_Ts = [ 0.1466 ];
subjinfo.HA_meanRT_Ts = [ 0.40881 ];
subjinfo.HA_sdRT_Ts = [ 0.20127 ];
subjinfo.val_meanRT_Ts = [ 0.50242 ];
subjinfo.val_sdRT_Ts = [ 0.16554 ];
subjinfo.inval_meanRT_Ts = [ 0.45556 ];
subjinfo.inval_sdRT_Ts = [ 0.11063 ];
subjinfo.AN_val_1_nOmissionTrials_Ts_fine = [ 0 ];
subjinfo.AN_val_1_nFpTrials_Ts_fine = [ 2 ];
subjinfo.AN_val_1_nHitTrials_Ts_fine = [ 57 ];
subjinfo.AN_val_2_nOmissionTrials_Ts_fine = [ 0 ];
subjinfo.AN_val_2_nFpTrials_Ts_fine = [ 0 ];
subjinfo.AN_val_2_nHitTrials_Ts_fine = [ 20 ];
subjinfo.AN_inval_1_nOmissionTrials_Ts_fine = [ 0 ];
subjinfo.AN_inval_1_nFpTrials_Ts_fine = [ 0 ];
subjinfo.AN_inval_1_nHitTrials_Ts_fine = [ 22 ];
subjinfo.AN_inval_2_nOmissionTrials_Ts_fine = [ 0 ];
subjinfo.AN_inval_2_nFpTrials_Ts_fine = [ 0 ];
subjinfo.AN_inval_2_nHitTrials_Ts_fine = [ 23 ];
subjinfo.AN_inval_3_nOmissionTrials_Ts_fine = [ 0 ];
subjinfo.AN_inval_3_nFpTrials_Ts_fine = [ 0 ];
subjinfo.AN_inval_3_nHitTrials_Ts_fine = [ 39 ];
subjinfo.HA_val_1_nOmissionTrials_Ts_fine = [ 0 ];
subjinfo.HA_val_1_nFpTrials_Ts_fine = [ 1 ];
subjinfo.HA_val_1_nHitTrials_Ts_fine = [ 56 ];
subjinfo.HA_val_2_nOmissionTrials_Ts_fine = [ 0 ];
subjinfo.HA_val_2_nFpTrials_Ts_fine = [ 0 ];
subjinfo.HA_val_2_nHitTrials_Ts_fine = [ 31 ];
subjinfo.HA_inval_1_nOmissionTrials_Ts_fine = [ 0 ];
subjinfo.HA_inval_1_nFpTrials_Ts_fine = [ 0 ];
subjinfo.HA_inval_1_nHitTrials_Ts_fine = [ 15 ];
subjinfo.HA_inval_2_nOmissionTrials_Ts_fine = [ 0 ];
subjinfo.HA_inval_2_nFpTrials_Ts_fine = [ 1 ];
subjinfo.HA_inval_2_nHitTrials_Ts_fine = [ 35 ];
subjinfo.HA_inval_3_nOmissionTrials_Ts_fine = [ 0 ];
subjinfo.HA_inval_3_nFpTrials_Ts_fine = [ 0 ];
subjinfo.HA_inval_3_nHitTrials_Ts_fine = [ 32 ];
subjinfo.allFp_Ts_fine = [ 81  271   44  276 ];
subjinfo.allOmissions_Ts_fine = [  ];
subjinfo.allHits_Ts_fine = [ 4    8   12   15   20   24   31   36   41   53   57   73   77   94   98  102  110  126  129  138  145  151  158  170  173  180  185  189  194  198  204  208  217  221  224  229  233  242  260  263  268  275  278  284  287  290  302  305  311  316  323  331  336  342  347  351  356    9   25   42   58   74   82  103  139  190  209  230  234  272  279  291  306  312  324  332  337   11   14   27   56   60   76   97  101  105  116  128  172  175  223  232  262  270  274  286  289  304  353    3    7   23   30   63   80   89  142  162  188  193  197  207  216  220  237  294  301  315  319  322  335  359   19   35   40   46   48   52   67   72   86   93  109  120  133  137  144  150  155  157  167  169  179  184  203  213  228  239  241  250  254  259  267  283  298  310  328  330  341  346  355    2    6   17   22   29   33   38   50   62   65   70   79   84   88   91  112  118  123  131  135  141  148  153  161  165  177  182  187  192  196  201  206  211  215  219  226  236  244  248  252  257  265  281  293  296  300  308  314  318  321  326  334  339  344  349  358   18   34   39   45   51   71   85   92  108  124  132  136  149  154  166  178  183  202  212  227  245  249  253  258  266  282  297  309  327  340  345    1   47   64   87   90  134  168  214  238  247  251  295  299  320  329    5   13   16   21   32   37   69   78  111  115  127  130  152  164  171  174  181  186  195  205  218  222  225  243  256  261  264  269  285  288  303  317  343  348  352   10   28   43   49   59   61   75   83   96  100  104  106  117  140  147  160  176  191  200  210  231  235  240  273  280  292  307  313  325  333  338  354 ];
subjinfo.nFP_Ts_fine = [ 4 ];
subjinfo.nOmissions_Ts_fine = [ 0 ];
subjinfo.nHits_Ts_fine = [ 330 ];
subjinfo.AN_val_1_meanRT_Ts_fine = [ 0.49863 ];
subjinfo.AN_val_1_sdRT_Ts_fine = [ 0.14168 ];
subjinfo.AN_val_2_meanRT_Ts_fine = [ 0.55781 ];
subjinfo.AN_val_2_sdRT_Ts_fine = [ 0.1295 ];
subjinfo.AN_inval_1_meanRT_Ts_fine = [ 0.49183 ];
subjinfo.AN_inval_1_sdRT_Ts_fine = [ 0.073663 ];
subjinfo.AN_inval_2_meanRT_Ts_fine = [ 0.39606 ];
subjinfo.AN_inval_2_sdRT_Ts_fine = [ 0.087074 ];
subjinfo.AN_inval_3_meanRT_Ts_fine = [ 0.46895 ];
subjinfo.AN_inval_3_sdRT_Ts_fine = [ 0.097866 ];
subjinfo.HA_val_1_meanRT_Ts_fine = [ 0.37807 ];
subjinfo.HA_val_1_sdRT_Ts_fine = [ 0.068977 ];
subjinfo.HA_val_2_meanRT_Ts_fine = [ 0.39995 ];
subjinfo.HA_val_2_sdRT_Ts_fine = [ 0.079734 ];
subjinfo.HA_inval_1_meanRT_Ts_fine = [ 0.46927 ];
subjinfo.HA_inval_1_sdRT_Ts_fine = [ 0.078983 ];
subjinfo.HA_inval_2_meanRT_Ts_fine = [ 0.48281 ];
subjinfo.HA_inval_2_sdRT_Ts_fine = [ 0.070511 ];
subjinfo.HA_inval_3_meanRT_Ts_fine = [ 0.49512 ];
subjinfo.HA_inval_3_sdRT_Ts_fine = [ 0.092922 ];
subjinfo.AN_meanRT_Ts_fine = [ 0.48321 ];
subjinfo.AN_sdRT_Ts_fine = [ 0.12239 ];
subjinfo.HA_meanRT_Ts_fine = [ 0.43403 ];
subjinfo.HA_sdRT_Ts_fine = [ 0.091585 ];
subjinfo.val_meanRT_Ts_fine = [ 0.514 ];
subjinfo.val_sdRT_Ts_fine = [ 0.14023 ];
subjinfo.inval_meanRT_Ts_fine = [ 0.44288 ];
subjinfo.inval_sdRT_Ts_fine = [ 0.093406 ];
subjinfo.AN_val_1_propHit_Ts_fine = [ 0.9661 ];
subjinfo.AN_val_1_propOm_Ts_fine = [ 0 ];
subjinfo.AN_val_1_propFP_Ts_fine = [ 0.033898 ];
subjinfo.AN_val_2_propHit_Ts_fine = [ 1 ];
subjinfo.AN_val_2_propOm_Ts_fine = [ 0 ];
subjinfo.AN_val_2_propFP_Ts_fine = [ 0 ];
subjinfo.AN_inval_1_propHit_Ts_fine = [ 1 ];
subjinfo.AN_inval_1_propOm_Ts_fine = [ 0 ];
subjinfo.AN_inval_1_propFP_Ts_fine = [ 0 ];
subjinfo.AN_inval_2_propHit_Ts_fine = [ 1 ];
subjinfo.AN_inval_2_propOm_Ts_fine = [ 0 ];
subjinfo.AN_inval_2_propFP_Ts_fine = [ 0 ];
subjinfo.AN_inval_3_propHit_Ts_fine = [ 1 ];
subjinfo.AN_inval_3_propOm_Ts_fine = [ 0 ];
subjinfo.AN_inval_3_propFP_Ts_fine = [ 0 ];
subjinfo.HA_val_1_propHit_Ts_fine = [ 0.98246 ];
subjinfo.HA_val_1_propOm_Ts_fine = [ 0 ];
subjinfo.HA_val_1_propFP_Ts_fine = [ 0.017544 ];
subjinfo.HA_val_2_propHit_Ts_fine = [ 1 ];
subjinfo.HA_val_2_propOm_Ts_fine = [ 0 ];
subjinfo.HA_val_2_propFP_Ts_fine = [ 0 ];
subjinfo.HA_inval_1_propHit_Ts_fine = [ 1 ];
subjinfo.HA_inval_1_propOm_Ts_fine = [ 0 ];
subjinfo.HA_inval_1_propFP_Ts_fine = [ 0 ];
subjinfo.HA_inval_2_propHit_Ts_fine = [ 0.97222 ];
subjinfo.HA_inval_2_propOm_Ts_fine = [ 0 ];
