subjinfo.allFp_Ts = [ 42  135  153  159   31   49 ];
subjinfo.allOmissions_Ts = [  ];
subjinfo.allHits_Ts = [ 6    7   12   16   17   20   23   24   27   36   37   41   45   46   50   58   62   66   67   77   82   89   90   93   94   98  104  105  112  113  119  120  125  126  129  130  144  145  158  164  169  172  175  179  195  200  203  210  211  215  216  219  220  225  229  232  236  241  243  248  249  254  255  267  268  274  281  282  286  287  292  296  297  304  308  312  313  319  324  329  332  333  337  346  347    2    5   11   15   19   22   26   35   40   44   54   61   65   69   73   76   81   85   88   92   97  101  103  108  111  115  118  124  128  134  137  141  143  147  149  152  157  163  166  168  171  174  178  182  186  190  194  199  202  206  209  214  218  224  228  231  235  240  244  247  253  259  263  266  270  273  278  280  285  291  295  299  303  307  311  315  318  323  328  331  336  339  343  345    1    4    9   10   14   29   30   33   34   39   48   52   53   56   57   60   64   71   72   75   79   80   83   84   87   96  100  107  110  117  122  123  127  132  133  139  140  146  151  155  156  161  162  177  181  184  185  188  189  192  193  197  198  205  208  213  222  223  227  234  238  239  246  251  252  257  258  261  262  265  272  276  277  284  289  290  294  301  302  306  309  310  317  321  322  326  327  335  341  342    3    8   13   18   21   25   28   32   38   43   47   51   55   59   63   68   70   74   78   86   91   95   99  102  106  109  114  116  121  131  136  138  142  148  150  154  160  165  167  170  173  176  180  183  187  191  196  201  204  207  212  217  221  226  230  233  237  242  245  250  256  260  264  269  271  275  279  283  288  293  298  300  305  314  316  320  325  330  334  338  340  344  348  349 ];
subjinfo.nFP_Ts = [ 6 ];
subjinfo.nOmissions_Ts = [ 0 ];
subjinfo.nHits_Ts = [ 343 ];
subjinfo.AN_meanRT_Ts = [ 0.44476 ];
subjinfo.AN_sdRT_Ts = [ 0.35336 ];
subjinfo.HA_meanRT_Ts = [ 0.26378 ];
subjinfo.HA_sdRT_Ts = [ 0.094038 ];
subjinfo.val_meanRT_Ts = [ 0.53401 ];
subjinfo.val_sdRT_Ts = [ 0.46208 ];
subjinfo.inval_meanRT_Ts = [ 0.37883 ];
subjinfo.inval_sdRT_Ts = [ 0.16213 ];
subjinfo.AN_val_1_nOmissionTrials_Ts_fine = [ 0 ];
subjinfo.AN_val_1_nFpTrials_Ts_fine = [ 3 ];
subjinfo.AN_val_1_nHitTrials_Ts_fine = [ 52 ];
subjinfo.AN_val_2_nOmissionTrials_Ts_fine = [ 0 ];
subjinfo.AN_val_2_nFpTrials_Ts_fine = [ 2 ];
subjinfo.AN_val_2_nHitTrials_Ts_fine = [ 24 ];
subjinfo.AN_inval_1_nOmissionTrials_Ts_fine = [ 0 ];
subjinfo.AN_inval_1_nFpTrials_Ts_fine = [ 0 ];
subjinfo.AN_inval_1_nHitTrials_Ts_fine = [ 20 ];
subjinfo.AN_inval_2_nOmissionTrials_Ts_fine = [ 0 ];
subjinfo.AN_inval_2_nFpTrials_Ts_fine = [ 0 ];
subjinfo.AN_inval_2_nHitTrials_Ts_fine = [ 30 ];
subjinfo.AN_inval_3_nOmissionTrials_Ts_fine = [ 0 ];
subjinfo.AN_inval_3_nFpTrials_Ts_fine = [ 1 ];
subjinfo.AN_inval_3_nHitTrials_Ts_fine = [ 34 ];
subjinfo.HA_val_1_nOmissionTrials_Ts_fine = [ 0 ];
subjinfo.HA_val_1_nFpTrials_Ts_fine = [ 0 ];
subjinfo.HA_val_1_nHitTrials_Ts_fine = [ 61 ];
subjinfo.HA_val_2_nOmissionTrials_Ts_fine = [ 1 ];
subjinfo.HA_val_2_nFpTrials_Ts_fine = [ 0 ];
subjinfo.HA_val_2_nHitTrials_Ts_fine = [ 28 ];
subjinfo.HA_inval_1_nOmissionTrials_Ts_fine = [ 0 ];
subjinfo.HA_inval_1_nFpTrials_Ts_fine = [ 0 ];
subjinfo.HA_inval_1_nHitTrials_Ts_fine = [ 15 ];
subjinfo.HA_inval_2_nOmissionTrials_Ts_fine = [ 0 ];
subjinfo.HA_inval_2_nFpTrials_Ts_fine = [ 0 ];
subjinfo.HA_inval_2_nHitTrials_Ts_fine = [ 31 ];
subjinfo.HA_inval_3_nOmissionTrials_Ts_fine = [ 1 ];
subjinfo.HA_inval_3_nFpTrials_Ts_fine = [ 0 ];
subjinfo.HA_inval_3_nHitTrials_Ts_fine = [ 38 ];
subjinfo.allFp_Ts_fine = [ 140  159  178   42  165   31 ];
subjinfo.allOmissions_Ts_fine = [ 34  221 ];
subjinfo.allHits_Ts_fine = [ 6   16   20   23   27   36   41   45   50   59   63   68   79   84   92  101  116  134  149  164  170  175  186  194  204  209  212  219  224  228  234  238  241  245  250  253  259  265  285  292  297  303  307  315  319  324  331  336  341  344  349  358    7   17   24   37   46   69   93   97  117  124  130  135  150  182  220  229  260  266  279  293  298  308  345  359   19   22   26   44   71  119  142  172  177  180  211  227  240  252  255  281  310  327  343  351    2    5   15   40   62   78   91  100  104  107  112  115  122  133  153  158  185  189  215  218  223  237  244  277  284  296  306  318  330  348   11   35   54   58   67   75   83   88  128  139  146  148  155  163  169  174  193  199  203  208  233  249  264  270  274  289  291  302  314  323  335  340  355  357    1    4    9   14   29   33   39   48   52   56   61   65   73   77   81   86   90   99  103  106  111  114  121  126  132  137  144  152  157  161  167  184  188  191  197  201  206  214  217  222  231  236  243  247  257  262  268  276  283  287  295  300  305  312  317  321  329  333  338  347  353   10   30   53   57   66   74   82   87  127  138  145  162  168  192  198  202  207  248  263  269  273  288  301  313  322  334  339  354   32   55   76   89  105  113  147  154  190  200  216  271  275  290  356   13   21   28   51   60   64   80   85  102  141  160  171  176  179  187  210  213  235  239  242  246  251  254  286  304  316  320  332  337  342  350    8   18   25   38   43   47   70   72   94   98  110  118  120  125  131  136  143  151  156  166  173  183  196  226  230  256  261  267  280  282  294  299  309  311  326  328  346  352 ];
subjinfo.nFP_Ts_fine = [ 6 ];
subjinfo.nOmissions_Ts_fine = [ 2 ];
subjinfo.nHits_Ts_fine = [ 333 ];
subjinfo.AN_val_1_meanRT_Ts_fine = [ 0.49459 ];
subjinfo.AN_val_1_sdRT_Ts_fine = [ 0.36229 ];
subjinfo.AN_val_2_meanRT_Ts_fine = [ 0.5638 ];
subjinfo.AN_val_2_sdRT_Ts_fine = [ 0.57992 ];
subjinfo.AN_inval_1_meanRT_Ts_fine = [ 0.38281 ];
subjinfo.AN_inval_1_sdRT_Ts_fine = [ 0.19194 ];
subjinfo.AN_inval_2_meanRT_Ts_fine = [ 0.33854 ];
subjinfo.AN_inval_2_sdRT_Ts_fine = [ 0.071964 ];
subjinfo.AN_inval_3_meanRT_Ts_fine = [ 0.31089 ];
subjinfo.AN_inval_3_sdRT_Ts_fine = [ 0.094629 ];
subjinfo.HA_val_1_meanRT_Ts_fine = [ 0.35361 ];
subjinfo.HA_val_1_sdRT_Ts_fine = [ 0.26488 ];
subjinfo.HA_val_2_meanRT_Ts_fine = [ 0.42662 ];
subjinfo.HA_val_2_sdRT_Ts_fine = [ 0.24899 ];
subjinfo.HA_inval_1_meanRT_Ts_fine = [ 0.3776 ];
subjinfo.HA_inval_1_sdRT_Ts_fine = [ 0.28981 ];
subjinfo.HA_inval_2_meanRT_Ts_fine = [ 0.28125 ];
subjinfo.HA_inval_2_sdRT_Ts_fine = [ 0.058949 ];
subjinfo.HA_inval_3_meanRT_Ts_fine = [ 0.38528 ];
subjinfo.HA_inval_3_sdRT_Ts_fine = [ 0.33039 ];
subjinfo.AN_meanRT_Ts_fine = [ 0.42271 ];
subjinfo.AN_sdRT_Ts_fine = [ 0.32689 ];
subjinfo.HA_meanRT_Ts_fine = [ 0.3615 ];
subjinfo.HA_sdRT_Ts_fine = [ 0.25914 ];
subjinfo.val_meanRT_Ts_fine = [ 0.51645 ];
subjinfo.val_sdRT_Ts_fine = [ 0.43981 ];
subjinfo.inval_meanRT_Ts_fine = [ 0.35625 ];
subjinfo.inval_sdRT_Ts_fine = [ 0.13353 ];
subjinfo.AN_val_1_propHit_Ts_fine = [ 0.94545 ];
subjinfo.AN_val_1_propOm_Ts_fine = [ 0 ];
subjinfo.AN_val_1_propFP_Ts_fine = [ 0.054545 ];
subjinfo.AN_val_2_propHit_Ts_fine = [ 0.92308 ];
subjinfo.AN_val_2_propOm_Ts_fine = [ 0 ];
subjinfo.AN_val_2_propFP_Ts_fine = [ 0.076923 ];
subjinfo.AN_inval_1_propHit_Ts_fine = [ 1 ];
subjinfo.AN_inval_1_propOm_Ts_fine = [ 0 ];
subjinfo.AN_inval_1_propFP_Ts_fine = [ 0 ];
subjinfo.AN_inval_2_propHit_Ts_fine = [ 1 ];
subjinfo.AN_inval_2_propOm_Ts_fine = [ 0 ];
subjinfo.AN_inval_2_propFP_Ts_fine = [ 0 ];
subjinfo.AN_inval_3_propHit_Ts_fine = [ 0.97143 ];
subjinfo.AN_inval_3_propOm_Ts_fine = [ 0 ];
subjinfo.AN_inval_3_propFP_Ts_fine = [ 0.028571 ];
subjinfo.HA_val_1_propHit_Ts_fine = [ 1 ];
subjinfo.HA_val_1_propOm_Ts_fine = [ 0 ];
subjinfo.HA_val_1_propFP_Ts_fine = [ 0 ];
subjinfo.HA_val_2_propHit_Ts_fine = [ 0.96552 ];
subjinfo.HA_val_2_propOm_Ts_fine = [ 0.034483 ];
subjinfo.HA_val_2_propFP_Ts_fine = [ 0 ];
subjinfo.HA_inval_1_propHit_Ts_fine = [ 1 ];
subjinfo.HA_inval_1_propOm_Ts_fine = [ 0 ];
subjinfo.HA_inval_1_propFP_Ts_fine = [ 0 ];
