subjinfo.emg_data = 'yes';
subjinfo.allFp_Ts = [ 355 ];
subjinfo.allOmissions_Ts = [  ];
subjinfo.allHits_Ts = [ 6    7   12   13   16   17   26   27   29   30   35   44   45   54   59   62   66   67   70   74   75   80   81   91   92   99  103  107  110  111  116  123  128  133  134  138  141  145  146  163  164  168  169  173  178  186  187  191  194  197  198  201  206  207  216  219  223  228  233  240  244  245  249  260  263  268  269  272  273  281  286  287  295  296  299  303  308  309  314  317  320  329  335  336  339  340  347  348  353    3    5   11   15   20   23   25   34   39   43   49   51   53   58   61   65   69   73   79   84   87   90   96   98  102  106  109  115  119  122  127  132  137  140  144  150  153  156  159  162  167  172  177  182  185  190  193  196  200  203  205  211  215  218  222  227  232  236  239  243  248  252  256  259  262  267  271  276  280  285  291  294  298  302  307  311  313  316  319  324  328  331  334  338  343  346  352    1    2    9   10   19   22   32   33   37   38   41   42   47   48   56   57   64   72   77   78   83   86   89   94   95  101  105  113  114  118  121  125  126  130  131  136  143  148  149  152  155  158  161  166  171  175  176  180  181  184  189  209  210  213  214  221  225  226  230  231  235  238  242  247  251  254  255  258  265  266  275  278  279  283  284  289  290  293  301  305  306  322  323  326  327  332  333  342  345  350  351    4    8   14   18   21   24   28   31   36   40   46   50   52   55   60   63   68   71   76   82   85   88   93   97  100  104  108  112  117  120  124  129  135  139  142  147  151  154  157  160  165  170  174  179  183  188  192  195  199  202  204  208  212  217  220  224  229  234  237  241  246  250  253  257  261  264  270  274  277  282  288  292  297  300  304  310  312  315  318  321  325  330  337  341  344  349  354 ];
subjinfo.nFP_Ts = [ 1 ];
subjinfo.nOmissions_Ts = [ 0 ];
subjinfo.nHits_Ts = [ 354 ];
subjinfo.AN_meanRT_Ts = [ 0.61541 ];
subjinfo.AN_sdRT_Ts = [ 0.085126 ];
subjinfo.HA_meanRT_Ts = [ 0.43043 ];
subjinfo.HA_sdRT_Ts = [ 0.12923 ];
subjinfo.val_meanRT_Ts = [ 0.61473 ];
subjinfo.val_sdRT_Ts = [ 0.094101 ];
subjinfo.inval_meanRT_Ts = [ 0.62194 ];
subjinfo.inval_sdRT_Ts = [ 0.067062 ];
subjinfo.AN_val_1_nOmissionTrials_Ts_fine = [ 0 ];
subjinfo.AN_val_1_nFpTrials_Ts_fine = [ 0 ];
subjinfo.AN_val_1_nHitTrials_Ts_fine = [ 61 ];
subjinfo.AN_val_2_nOmissionTrials_Ts_fine = [ 0 ];
subjinfo.AN_val_2_nFpTrials_Ts_fine = [ 0 ];
subjinfo.AN_val_2_nHitTrials_Ts_fine = [ 29 ];
subjinfo.AN_inval_1_nOmissionTrials_Ts_fine = [ 0 ];
subjinfo.AN_inval_1_nFpTrials_Ts_fine = [ 0 ];
subjinfo.AN_inval_1_nHitTrials_Ts_fine = [ 19 ];
subjinfo.AN_inval_2_nOmissionTrials_Ts_fine = [ 0 ];
subjinfo.AN_inval_2_nFpTrials_Ts_fine = [ 0 ];
subjinfo.AN_inval_2_nHitTrials_Ts_fine = [ 33 ];
subjinfo.AN_inval_3_nOmissionTrials_Ts_fine = [ 0 ];
subjinfo.AN_inval_3_nFpTrials_Ts_fine = [ 0 ];
subjinfo.AN_inval_3_nHitTrials_Ts_fine = [ 36 ];
subjinfo.HA_val_1_nOmissionTrials_Ts_fine = [ 1 ];
subjinfo.HA_val_1_nFpTrials_Ts_fine = [ 0 ];
subjinfo.HA_val_1_nHitTrials_Ts_fine = [ 61 ];
subjinfo.HA_val_2_nOmissionTrials_Ts_fine = [ 0 ];
subjinfo.HA_val_2_nFpTrials_Ts_fine = [ 0 ];
subjinfo.HA_val_2_nHitTrials_Ts_fine = [ 28 ];
subjinfo.HA_inval_1_nOmissionTrials_Ts_fine = [ 0 ];
subjinfo.HA_inval_1_nFpTrials_Ts_fine = [ 0 ];
subjinfo.HA_inval_1_nHitTrials_Ts_fine = [ 21 ];
subjinfo.HA_inval_2_nOmissionTrials_Ts_fine = [ 0 ];
subjinfo.HA_inval_2_nFpTrials_Ts_fine = [ 0 ];
subjinfo.HA_inval_2_nHitTrials_Ts_fine = [ 31 ];
subjinfo.HA_inval_3_nOmissionTrials_Ts_fine = [ 0 ];
subjinfo.HA_inval_3_nFpTrials_Ts_fine = [ 0 ];
subjinfo.HA_inval_3_nHitTrials_Ts_fine = [ 33 ];
subjinfo.allFp_Ts_fine = [  ];
subjinfo.allOmissions_Ts_fine = [ 87 ];
subjinfo.allHits_Ts_fine = [ 6   12   16   26   30   36   45   55   63   67   71   75   81   92  100  104  108  111  117  124  129  135  140  143  148  166  171  176  182  190  195  198  201  205  210  220  223  227  232  237  244  248  253  264  267  272  276  285  290  299  303  307  312  318  321  324  333  340  344  352  358    7   13   17   27   31   46   68   76   82   93  112  130  136  144  149  167  177  191  202  211  249  273  277  291  300  313  341  345  353   15   29   62   70  110  142  197  200  204  207  222  266  275  302  315  320  323  335  343   20   23   66   74   85   88   91  103  107  120  123  139  147  156  159  162  165  170  175  189  194  226  240  243  247  252  256  263  280  298  306  348  351    3    5   11   25   35   40   44   50   52   54   59   80   97   99  116  128  134  153  181  186  209  215  219  231  236  260  271  284  289  295  311  317  328  332  339  357    1    9   19   22   33   38   42   48   57   65   73   78   84   90   95  102  106  114  119  122  126  132  138  146  151  155  158  161  164  169  174  179  184  188  193  213  217  225  229  234  239  242  246  251  255  258  262  269  279  282  287  293  297  305  309  326  330  337  347  350  355   10   34   39   43   49   58   79   96  115  127  133  152  180  185  214  218  230  235  259  270  283  288  294  310  327  331  338  356   21   24   41   51   86   89   98  121  154  157  160  163  187  216  241  257  261  281  296  329  349   37   56   61   64   72  101  105  109  118  125  183  196  199  206  221  224  228  233  238  245  254  265  268  286  304  308  319  322  325  334  359    8   18   28   32   47   53   69   77   83   94  113  131  137  145  150  168  173  178  192  203  208  212  250  274  278  292  301  314  316  336  342  346  354 ];
subjinfo.nFP_Ts_fine = [ 0 ];
subjinfo.nOmissions_Ts_fine = [ 1 ];
subjinfo.nHits_Ts_fine = [ 352 ];
subjinfo.AN_val_1_meanRT_Ts_fine = [ 0.60528 ];
subjinfo.AN_val_1_sdRT_Ts_fine = [ 0.095434 ];
subjinfo.AN_val_2_meanRT_Ts_fine = [ 0.61261 ];
subjinfo.AN_val_2_sdRT_Ts_fine = [ 0.10008 ];
subjinfo.AN_inval_1_meanRT_Ts_fine = [ 0.59252 ];
subjinfo.AN_inval_1_sdRT_Ts_fine = [ 0.06827 ];
subjinfo.AN_inval_2_meanRT_Ts_fine = [ 0.61506 ];
subjinfo.AN_inval_2_sdRT_Ts_fine = [ 0.066986 ];
subjinfo.AN_inval_3_meanRT_Ts_fine = [ 0.61111 ];
subjinfo.AN_inval_3_sdRT_Ts_fine = [ 0.086999 ];
subjinfo.HA_val_1_meanRT_Ts_fine = [ 0.63204 ];
subjinfo.HA_val_1_sdRT_Ts_fine = [ 0.3717 ];
subjinfo.HA_val_2_meanRT_Ts_fine = [ 0.70871 ];
subjinfo.HA_val_2_sdRT_Ts_fine = [ 0.39219 ];
subjinfo.HA_inval_1_meanRT_Ts_fine = [ 0.56399 ];
subjinfo.HA_inval_1_sdRT_Ts_fine = [ 0.16415 ];
subjinfo.HA_inval_2_meanRT_Ts_fine = [ 0.70817 ];
subjinfo.HA_inval_2_sdRT_Ts_fine = [ 0.41492 ];
subjinfo.HA_inval_3_meanRT_Ts_fine = [ 0.67898 ];
subjinfo.HA_inval_3_sdRT_Ts_fine = [ 0.37596 ];
subjinfo.AN_meanRT_Ts_fine = [ 0.6081 ];
subjinfo.AN_sdRT_Ts_fine = [ 0.086584 ];
subjinfo.HA_meanRT_Ts_fine = [ 0.65863 ];
subjinfo.HA_sdRT_Ts_fine = [ 0.3651 ];
subjinfo.val_meanRT_Ts_fine = [ 0.60764 ];
subjinfo.val_sdRT_Ts_fine = [ 0.096453 ];
subjinfo.inval_meanRT_Ts_fine = [ 0.60682 ];
subjinfo.inval_sdRT_Ts_fine = [ 0.06768 ];
subjinfo.AN_val_1_propHit_Ts_fine = [ 1 ];
subjinfo.AN_val_1_propOm_Ts_fine = [ 0 ];
subjinfo.AN_val_1_propFP_Ts_fine = [ 0 ];
subjinfo.AN_val_2_propHit_Ts_fine = [ 1 ];
subjinfo.AN_val_2_propOm_Ts_fine = [ 0 ];
subjinfo.AN_val_2_propFP_Ts_fine = [ 0 ];
subjinfo.AN_inval_1_propHit_Ts_fine = [ 1 ];
subjinfo.AN_inval_1_propOm_Ts_fine = [ 0 ];
subjinfo.AN_inval_1_propFP_Ts_fine = [ 0 ];
subjinfo.AN_inval_2_propHit_Ts_fine = [ 1 ];
subjinfo.AN_inval_2_propOm_Ts_fine = [ 0 ];
subjinfo.AN_inval_2_propFP_Ts_fine = [ 0 ];
subjinfo.AN_inval_3_propHit_Ts_fine = [ 1 ];
subjinfo.AN_inval_3_propOm_Ts_fine = [ 0 ];
subjinfo.AN_inval_3_propFP_Ts_fine = [ 0 ];
subjinfo.HA_val_1_propHit_Ts_fine = [ 0.98387 ];
subjinfo.HA_val_1_propOm_Ts_fine = [ 0.016129 ];
subjinfo.HA_val_1_propFP_Ts_fine = [ 0 ];
subjinfo.HA_val_2_propHit_Ts_fine = [ 1 ];
subjinfo.HA_val_2_propOm_Ts_fine = [ 0 ];
subjinfo.HA_val_2_propFP_Ts_fine = [ 0 ];
subjinfo.HA_inval_1_propHit_Ts_fine = [ 1 ];
