subjinfo.allFp_Ts = [ 83  177  358 ];
subjinfo.allOmissions_Ts = [  ];
subjinfo.allHits_Ts = [ 1    2   10   11   14   15   20   26   30   31   43   44   49   50   64   69   70   73   74   79   82   88   89   94   98  106  107  110  114  115  122  123  126  127  135  136  144  145  150  155  161  166  167  171  172  181  189  194  195  199  200  205  210  216  223  224  232  236  237  242  243  247  248  252  258  259  263  276  277  286  287  292  293  296  297  302  306  307  310  317  322  326  330  333  336  339  347  348  356  357    5    9   13   19   23   25   29   33   37   40   42   48   54   56   59   63   68   72   78   81   86   87   93   97  101  105  109  113  119  121  125  130  134  138  140  143  149  154  158  160  163  165  170  176  180  185  188  193  198  204  209  212  215  220  222  228  231  235  241  246  251  254  257  262  267  270  272  275  281  285  291  295  301  305  309  314  316  321  325  329  332  335  338  342  346  351  355    4    7    8   17   18   22   28   35   36   39   46   47   52   53   58   61   62   66   67   76   77   85   91   92   96  100  103  104  112  117  118  129  132  133  142  147  148  152  153  157  169  174  175  179  183  184  187  191  192  197  202  203  207  208  214  218  219  226  227  230  234  239  240  245  250  256  261  265  266  269  274  279  280  283  284  289  290  299  300  304  312  313  319  320  324  328  341  344  345  350  353  354    3    6   12   16   21   24   27   32   34   38   41   45   51   55   57   60   65   71   75   80   84   90   95   99  102  108  111  116  120  124  128  131  137  139  141  146  151  156  159  162  164  168  173  178  182  186  190  196  201  206  211  213  217  221  225  229  233  238  244  249  253  255  260  264  268  271  273  278  282  288  294  298  303  308  311  315  318  323  327  331  334  337  340  343  349  352  359 ];
subjinfo.nFP_Ts = [ 3 ];
subjinfo.nOmissions_Ts = [ 0 ];
subjinfo.nHits_Ts = [ 356 ];
subjinfo.AN_meanRT_Ts = [ 0.48438 ];
subjinfo.AN_sdRT_Ts = [ 0.18349 ];
subjinfo.HA_meanRT_Ts = [ 0.36954 ];
subjinfo.HA_sdRT_Ts = [ 0.16278 ];
subjinfo.val_meanRT_Ts = [ 0.50061 ];
subjinfo.val_sdRT_Ts = [ 0.22204 ];
subjinfo.inval_meanRT_Ts = [ 0.46804 ];
subjinfo.inval_sdRT_Ts = [ 0.12018 ];
subjinfo.AN_val_1_nOmissionTrials_Ts_fine = [ 0 ];
subjinfo.AN_val_1_nFpTrials_Ts_fine = [ 1 ];
subjinfo.AN_val_1_nHitTrials_Ts_fine = [ 58 ];
subjinfo.AN_val_2_nOmissionTrials_Ts_fine = [ 0 ];
subjinfo.AN_val_2_nFpTrials_Ts_fine = [ 1 ];
subjinfo.AN_val_2_nHitTrials_Ts_fine = [ 29 ];
subjinfo.AN_inval_1_nOmissionTrials_Ts_fine = [ 0 ];
subjinfo.AN_inval_1_nFpTrials_Ts_fine = [ 0 ];
subjinfo.AN_inval_1_nHitTrials_Ts_fine = [ 15 ];
subjinfo.AN_inval_2_nOmissionTrials_Ts_fine = [ 0 ];
subjinfo.AN_inval_2_nFpTrials_Ts_fine = [ 0 ];
subjinfo.AN_inval_2_nHitTrials_Ts_fine = [ 29 ];
subjinfo.AN_inval_3_nOmissionTrials_Ts_fine = [ 0 ];
subjinfo.AN_inval_3_nFpTrials_Ts_fine = [ 0 ];
subjinfo.AN_inval_3_nHitTrials_Ts_fine = [ 42 ];
subjinfo.HA_val_1_nOmissionTrials_Ts_fine = [ 0 ];
subjinfo.HA_val_1_nFpTrials_Ts_fine = [ 0 ];
subjinfo.HA_val_1_nHitTrials_Ts_fine = [ 60 ];
subjinfo.HA_val_2_nOmissionTrials_Ts_fine = [ 1 ];
subjinfo.HA_val_2_nFpTrials_Ts_fine = [ 0 ];
subjinfo.HA_val_2_nHitTrials_Ts_fine = [ 30 ];
subjinfo.HA_inval_1_nOmissionTrials_Ts_fine = [ 0 ];
subjinfo.HA_inval_1_nFpTrials_Ts_fine = [ 0 ];
subjinfo.HA_inval_1_nHitTrials_Ts_fine = [ 18 ];
subjinfo.HA_inval_2_nOmissionTrials_Ts_fine = [ 0 ];
subjinfo.HA_inval_2_nFpTrials_Ts_fine = [ 0 ];
subjinfo.HA_inval_2_nHitTrials_Ts_fine = [ 27 ];
subjinfo.HA_inval_3_nOmissionTrials_Ts_fine = [ 0 ];
subjinfo.HA_inval_3_nFpTrials_Ts_fine = [ 0 ];
subjinfo.HA_inval_3_nHitTrials_Ts_fine = [ 39 ];
subjinfo.allFp_Ts_fine = [ 179   83 ];
subjinfo.allOmissions_Ts_fine = [ 210 ];
subjinfo.allHits_Ts_fine = [ 1   10   14   20   26   30   43   64   69   73   79   82   89   95   99  107  111  115  123  127  137  146  152  157  163  168  173  183  191  196  201  207  212  218  225  234  238  244  249  254  260  265  278  288  294  298  304  308  312  319  324  328  332  335  338  341  349  358    2   11   15   31   44   70   74   90  108  116  124  128  138  147  169  174  202  226  239  245  250  261  279  289  295  299  309  350  359   13   33   72   81  110  126  140  165  214  256  297  311  334  337  340    5   23   29   40   59   86   98  102  114  145  160  172  182  190  200  217  233  237  248  253  259  264  272  277  307  327  331  344  353    9   19   25   37   42   48   56   63   68   78   88   94  106  120  122  132  136  142  151  156  162  167  178  187  195  206  211  222  224  230  243  269  274  283  287  293  303  316  318  323  348  357    4    7   17   22   28   35   39   46   52   58   61   66   85   92   97  101  104  113  118  130  134  144  149  154  159  171  176  181  185  189  193  199  204  209  216  220  228  232  236  241  247  252  258  263  267  271  276  281  285  291  301  306  314  321  326  330  343  346  352  355    8   18   36   47   53   62   67   77   93  105  119  131  150  155  177  186  194  205  221  229  242  268  282  286  292  302  315  322  347  356    6   24   38   41   60  103  121  133  161  188  223  231  270  273  284  317  345  354   21   27   80   96  100  112  153  158  164  180  184  192  208  213  219  235  255  266  305  313  320  325  329  333  336  339  342    3   12   16   32   34   45   51   57   71   75   84   91  109  117  125  129  139  141  143  148  166  170  175  198  203  215  227  240  246  251  257  262  275  280  290  296  300  310  351 ];
subjinfo.nFP_Ts_fine = [ 2 ];
subjinfo.nOmissions_Ts_fine = [ 1 ];
subjinfo.nHits_Ts_fine = [ 347 ];
subjinfo.AN_val_1_meanRT_Ts_fine = [ 0.49017 ];
subjinfo.AN_val_1_sdRT_Ts_fine = [ 0.26922 ];
subjinfo.AN_val_2_meanRT_Ts_fine = [ 0.49461 ];
subjinfo.AN_val_2_sdRT_Ts_fine = [ 0.11098 ];
subjinfo.AN_inval_1_meanRT_Ts_fine = [ 0.4901 ];
subjinfo.AN_inval_1_sdRT_Ts_fine = [ 0.14668 ];
subjinfo.AN_inval_2_meanRT_Ts_fine = [ 0.46336 ];
subjinfo.AN_inval_2_sdRT_Ts_fine = [ 0.13458 ];
subjinfo.AN_inval_3_meanRT_Ts_fine = [ 0.4574 ];
subjinfo.AN_inval_3_sdRT_Ts_fine = [ 0.14495 ];
subjinfo.HA_val_1_meanRT_Ts_fine = [ 0.33828 ];
subjinfo.HA_val_1_sdRT_Ts_fine = [ 0.083641 ];
subjinfo.HA_val_2_meanRT_Ts_fine = [ 0.40495 ];
subjinfo.HA_val_2_sdRT_Ts_fine = [ 0.081992 ];
subjinfo.HA_inval_1_meanRT_Ts_fine = [ 0.4145 ];
subjinfo.HA_inval_1_sdRT_Ts_fine = [ 0.07865 ];
subjinfo.HA_inval_2_meanRT_Ts_fine = [ 0.38223 ];
subjinfo.HA_inval_2_sdRT_Ts_fine = [ 0.090564 ];
subjinfo.HA_inval_3_meanRT_Ts_fine = [ 0.35797 ];
subjinfo.HA_inval_3_sdRT_Ts_fine = [ 0.092575 ];
subjinfo.AN_meanRT_Ts_fine = [ 0.47846 ];
subjinfo.AN_sdRT_Ts_fine = [ 0.18969 ];
subjinfo.HA_meanRT_Ts_fine = [ 0.36889 ];
subjinfo.HA_sdRT_Ts_fine = [ 0.089762 ];
subjinfo.val_meanRT_Ts_fine = [ 0.49165 ];
subjinfo.val_sdRT_Ts_fine = [ 0.22815 ];
subjinfo.inval_meanRT_Ts_fine = [ 0.47248 ];
subjinfo.inval_sdRT_Ts_fine = [ 0.1377 ];
subjinfo.AN_val_1_propHit_Ts_fine = [ 0.98305 ];
subjinfo.AN_val_1_propOm_Ts_fine = [ 0 ];
subjinfo.AN_val_1_propFP_Ts_fine = [ 0.016949 ];
subjinfo.AN_val_2_propHit_Ts_fine = [ 0.96667 ];
subjinfo.AN_val_2_propOm_Ts_fine = [ 0 ];
subjinfo.AN_val_2_propFP_Ts_fine = [ 0.033333 ];
subjinfo.AN_inval_1_propHit_Ts_fine = [ 1 ];
subjinfo.AN_inval_1_propOm_Ts_fine = [ 0 ];
subjinfo.AN_inval_1_propFP_Ts_fine = [ 0 ];
subjinfo.AN_inval_2_propHit_Ts_fine = [ 1 ];
subjinfo.AN_inval_2_propOm_Ts_fine = [ 0 ];
subjinfo.AN_inval_2_propFP_Ts_fine = [ 0 ];
subjinfo.AN_inval_3_propHit_Ts_fine = [ 1 ];
subjinfo.AN_inval_3_propOm_Ts_fine = [ 0 ];
subjinfo.AN_inval_3_propFP_Ts_fine = [ 0 ];
subjinfo.HA_val_1_propHit_Ts_fine = [ 1 ];
subjinfo.HA_val_1_propOm_Ts_fine = [ 0 ];
subjinfo.HA_val_1_propFP_Ts_fine = [ 0 ];
subjinfo.HA_val_2_propHit_Ts_fine = [ 0.96774 ];
subjinfo.HA_val_2_propOm_Ts_fine = [ 0.032258 ];
subjinfo.HA_val_2_propFP_Ts_fine = [ 0 ];
subjinfo.HA_inval_1_propHit_Ts_fine = [ 1 ];
