subjinfo.allFp_Ts = [ 34   33  259 ];
subjinfo.allOmissions_Ts = [  ];
subjinfo.allHits_Ts = [ 1    4    8   11   12   18   19   24   25   39   44   49   54   64   67   71   72   78   79   88   92   96  105  106  109  110  113  122  127  132  133  137  141  142  146  147  154  155  162  163  170  171  174  175  183  189  197  198  203  206  207  212  213  218  222  227  228  233  234  238  242  249  250  256  257  260  265  273  278  279  285  289  290  297  298  301  308  309  320  321  326  327  330  333  341  342    3    7   10   16   23   28   30   38   43   48   52   53   58   61   63   66   70   75   77   83   87   91   95  100  104  108  112  115  117  121  126  131  136  140  145  150  153  158  161  167  169  173  178  182  185  188  192  196  202  205  209  217  221  226  232  237  241  244  248  253  255  264  268  272  277  282  284  288  294  296  300  303  307  312  315  319  325  329  332  336  340  344    6   14   15   21   22   27   32   36   37   41   42   46   47   51   56   57   60   69   74   81   82   85   86   90   94   98   99  102  103  119  120  124  125  129  130  135  139  144  149  152  157  160  165  166  177  180  181  187  191  194  195  200  201  211  215  216  220  224  225  230  231  236  240  246  247  252  262  263  267  270  271  275  276  281  287  292  293  305  306  311  314  317  318  323  324  335  338  339    2    5    9   13   17   20   26   29   31   35   40   45   50   55   59   62   65   68   73   76   80   84   89   93   97  101  107  111  114  116  118  123  128  134  138  143  148  151  156  159  164  168  172  176  179  184  186  190  193  199  204  208  210  214  219  223  229  235  239  243  245  251  254  258  261  266  269  274  280  283  286  291  295  299  302  304  310  313  316  322  328  331  334  337  343  345  346  347 ];
subjinfo.nFP_Ts = [ 3 ];
subjinfo.nOmissions_Ts = [ 0 ];
subjinfo.nHits_Ts = [ 344 ];
subjinfo.AN_meanRT_Ts = [ 0.49684 ];
subjinfo.AN_sdRT_Ts = [ 0.11471 ];
subjinfo.HA_meanRT_Ts = [ 0.42014 ];
subjinfo.HA_sdRT_Ts = [ 0.1606 ];
subjinfo.val_meanRT_Ts = [ 0.49718 ];
subjinfo.val_sdRT_Ts = [ 0.11744 ];
subjinfo.inval_meanRT_Ts = [ 0.49405 ];
subjinfo.inval_sdRT_Ts = [ 0.1109 ];
subjinfo.AN_val_1_nOmissionTrials_Ts_fine = [ 0 ];
subjinfo.AN_val_1_nFpTrials_Ts_fine = [ 1 ];
subjinfo.AN_val_1_nHitTrials_Ts_fine = [ 57 ];
subjinfo.AN_val_2_nOmissionTrials_Ts_fine = [ 0 ];
subjinfo.AN_val_2_nFpTrials_Ts_fine = [ 1 ];
subjinfo.AN_val_2_nHitTrials_Ts_fine = [ 31 ];
subjinfo.AN_inval_1_nOmissionTrials_Ts_fine = [ 1 ];
subjinfo.AN_inval_1_nFpTrials_Ts_fine = [ 0 ];
subjinfo.AN_inval_1_nHitTrials_Ts_fine = [ 17 ];
subjinfo.AN_inval_2_nOmissionTrials_Ts_fine = [ 0 ];
subjinfo.AN_inval_2_nFpTrials_Ts_fine = [ 1 ];
subjinfo.AN_inval_2_nHitTrials_Ts_fine = [ 24 ];
subjinfo.AN_inval_3_nOmissionTrials_Ts_fine = [ 0 ];
subjinfo.AN_inval_3_nFpTrials_Ts_fine = [ 0 ];
subjinfo.AN_inval_3_nHitTrials_Ts_fine = [ 41 ];
subjinfo.HA_val_1_nOmissionTrials_Ts_fine = [ 2 ];
subjinfo.HA_val_1_nFpTrials_Ts_fine = [ 0 ];
subjinfo.HA_val_1_nHitTrials_Ts_fine = [ 55 ];
subjinfo.HA_val_2_nOmissionTrials_Ts_fine = [ 0 ];
subjinfo.HA_val_2_nFpTrials_Ts_fine = [ 0 ];
subjinfo.HA_val_2_nHitTrials_Ts_fine = [ 32 ];
subjinfo.HA_inval_1_nOmissionTrials_Ts_fine = [ 0 ];
subjinfo.HA_inval_1_nFpTrials_Ts_fine = [ 0 ];
subjinfo.HA_inval_1_nHitTrials_Ts_fine = [ 18 ];
subjinfo.HA_inval_2_nOmissionTrials_Ts_fine = [ 1 ];
subjinfo.HA_inval_2_nFpTrials_Ts_fine = [ 0 ];
subjinfo.HA_inval_2_nHitTrials_Ts_fine = [ 27 ];
subjinfo.HA_inval_3_nOmissionTrials_Ts_fine = [ 2 ];
subjinfo.HA_inval_3_nFpTrials_Ts_fine = [ 0 ];
subjinfo.HA_inval_3_nHitTrials_Ts_fine = [ 36 ];
subjinfo.allFp_Ts_fine = [ 36  42  35 ];
subjinfo.allOmissions_Ts_fine = [ 271  128  327  255   28  246 ];
subjinfo.allHits_Ts_fine = [ 1    4    9   12   20   26   41   47   52   56   59   69   76   84   90   95  100  104  114  118  122  131  136  141  146  150  155  164  172  180  184  193  199  207  213  216  223  229  233  238  244  249  254  261  272  277  285  290  297  310  314  321  333  339  343  346  355   13   21   27   77   85  105  115  119  142  151  156  165  173  181  185  208  217  224  239  245  250  262  269  291  298  303  311  322  334  340  356    3   11   58   71  117  121  124  183  195  215  219  256  313  316  342  345  358   30   55   66   75   80   83  103  145  149  154  159  168  188  198  222  232  248  253  265  280  294  301  325  328    8   17   19   25   32   40   46   51   63   68   89   94   99  109  113  126  130  135  140  163  177  179  192  206  212  228  237  243  260  267  276  284  289  296  307  309  320  332  338  350  354    6   15   23   29   34   49   54   61   65   74   79   82   87   92   97  102  107  111  133  138  144  148  153  158  161  167  170  187  190  197  201  204  210  221  226  231  235  241  247  252  258  264  274  279  282  287  293  300  305  318  324  330  336  348  352    7   16   24   39   45   50   62   88   93   98  108  112  129  134  139  162  176  191  205  211  227  236  242  259  275  283  288  306  331  337  349  353   18   31   64   67   81  110  160  169  178  189  203  266  281  295  308  326  329  351    2    5   10   37   48   53   57   60   70   73   96  101  123  132  137  147  194  200  214  230  234  273  278  286  315  344  347   14   22   33   43   78   86  106  116  120  125  127  143  152  157  166  174  182  186  196  209  218  225  251  257  263  270  292  299  304  312  317  323  335  341  357  359 ];
subjinfo.nFP_Ts_fine = [ 3 ];
subjinfo.nOmissions_Ts_fine = [ 6 ];
subjinfo.nHits_Ts_fine = [ 338 ];
subjinfo.AN_val_1_meanRT_Ts_fine = [ 0.48643 ];
subjinfo.AN_val_1_sdRT_Ts_fine = [ 0.1196 ];
subjinfo.AN_val_2_meanRT_Ts_fine = [ 0.49899 ];
subjinfo.AN_val_2_sdRT_Ts_fine = [ 0.099268 ];
subjinfo.AN_inval_1_meanRT_Ts_fine = [ 0.49403 ];
subjinfo.AN_inval_1_sdRT_Ts_fine = [ 0.13595 ];
subjinfo.AN_inval_2_meanRT_Ts_fine = [ 0.49414 ];
subjinfo.AN_inval_2_sdRT_Ts_fine = [ 0.09605 ];
subjinfo.AN_inval_3_meanRT_Ts_fine = [ 0.51353 ];
subjinfo.AN_inval_3_sdRT_Ts_fine = [ 0.15114 ];
subjinfo.HA_val_1_meanRT_Ts_fine = [ 0.57813 ];
subjinfo.HA_val_1_sdRT_Ts_fine = [ 0.3051 ];
subjinfo.HA_val_2_meanRT_Ts_fine = [ 0.78687 ];
subjinfo.HA_val_2_sdRT_Ts_fine = [ 0.4721 ];
subjinfo.HA_inval_1_meanRT_Ts_fine = [ 1.056 ];
subjinfo.HA_inval_1_sdRT_Ts_fine = [ 0.45275 ];
subjinfo.HA_inval_2_meanRT_Ts_fine = [ 0.93663 ];
subjinfo.HA_inval_2_sdRT_Ts_fine = [ 0.47619 ];
subjinfo.HA_inval_3_meanRT_Ts_fine = [ 0.78885 ];
subjinfo.HA_inval_3_sdRT_Ts_fine = [ 0.47861 ];
subjinfo.AN_meanRT_Ts_fine = [ 0.4971 ];
subjinfo.AN_sdRT_Ts_fine = [ 0.12251 ];
subjinfo.HA_meanRT_Ts_fine = [ 0.77186 ];
subjinfo.HA_sdRT_Ts_fine = [ 0.44856 ];
subjinfo.val_meanRT_Ts_fine = [ 0.49086 ];
subjinfo.val_sdRT_Ts_fine = [ 0.11244 ];
subjinfo.inval_meanRT_Ts_fine = [ 0.49409 ];
subjinfo.inval_sdRT_Ts_fine = [ 0.11268 ];
subjinfo.AN_val_1_propHit_Ts_fine = [ 0.98276 ];
subjinfo.AN_val_1_propOm_Ts_fine = [ 0 ];
subjinfo.AN_val_1_propFP_Ts_fine = [ 0.017241 ];
subjinfo.AN_val_2_propHit_Ts_fine = [ 0.96875 ];
subjinfo.AN_val_2_propOm_Ts_fine = [ 0 ];
subjinfo.AN_val_2_propFP_Ts_fine = [ 0.03125 ];
subjinfo.AN_inval_1_propHit_Ts_fine = [ 0.94444 ];
subjinfo.AN_inval_1_propOm_Ts_fine = [ 0.055556 ];
subjinfo.AN_inval_1_propFP_Ts_fine = [ 0 ];
subjinfo.AN_inval_2_propHit_Ts_fine = [ 0.96 ];
subjinfo.AN_inval_2_propOm_Ts_fine = [ 0 ];
subjinfo.AN_inval_2_propFP_Ts_fine = [ 0.04 ];
subjinfo.AN_inval_3_propHit_Ts_fine = [ 1 ];
subjinfo.AN_inval_3_propOm_Ts_fine = [ 0 ];
subjinfo.AN_inval_3_propFP_Ts_fine = [ 0 ];
subjinfo.HA_val_1_propHit_Ts_fine = [ 0.96491 ];
subjinfo.HA_val_1_propOm_Ts_fine = [ 0.035088 ];
subjinfo.HA_val_1_propFP_Ts_fine = [ 0 ];
subjinfo.HA_val_2_propHit_Ts_fine = [ 1 ];
subjinfo.HA_val_2_propOm_Ts_fine = [ 0 ];
subjinfo.HA_val_2_propFP_Ts_fine = [ 0 ];
subjinfo.HA_inval_1_propHit_Ts_fine = [ 1 ];
subjinfo.HA_inval_1_propOm_Ts_fine = [ 0 ];
subjinfo.HA_inval_1_propFP_Ts_fine = [ 0 ];
