subjinfo.allFp_Ts = [  ];
subjinfo.allOmissions_Ts = [  ];
subjinfo.allHits_Ts = [ 8    9   16   19   20   26   27   32   33   38   42   51   52   55   63   68   69   74   80   86   87   97  100  105  106  110  111  115  119  126  127  132  140  141  146  147  150  154  163  168  169  172  176  181  189  190  193  194  202  211  215  216  219  220  223  227  232  233  237  238  243  244  249  254  258  262  265  270  271  275  280  287  288  292  295  300  306  311  315  319  320  324  325  333  334  339  340  344    2    5    7   11   15   18   22   25   31   37   41   46   50   54   57   59   62   67   73   76   79   83   85   90   94   96   99  104  109  114  118  123  125  131  134  136  139  145  149  153  158  162  165  167  171  175  180  184  188  192  198  201  206  210  214  218  222  226  230  231  236  242  246  248  253  257  261  264  269  274  279  282  286  291  294  299  303  305  310  313  314  318  323  328  332  336  338  343  347    1    4   13   14   24   29   30   35   36   40   44   45   48   49   61   65   66   71   72   78   82   89   92   93  102  103  107  108  113  117  121  122  129  130  138  143  144  152  156  157  160  161  174  178  179  183  186  187  196  197  200  204  205  208  209  213  225  229  235  240  241  251  252  256  260  267  268  273  277  278  284  285  290  297  298  302  308  309  317  322  327  330  331  342  346  349  350    3    6   10   12   17   21   23   28   34   39   43   47   53   56   58   60   64   70   75   77   81   84   88   91   95   98  101  112  116  120  124  128  133  135  137  142  148  151  155  159  164  166  170  173  177  182  185  191  195  199  203  207  212  217  221  224  228  234  239  245  247  250  255  259  263  266  272  276  281  283  289  293  296  301  304  307  312  316  321  326  329  335  337  341  345  348  351  352 ];
subjinfo.nFP_Ts = [ 0 ];
subjinfo.nOmissions_Ts = [ 0 ];
subjinfo.nHits_Ts = [ 352 ];
subjinfo.AN_meanRT_Ts = [ 0.58757 ];
subjinfo.AN_sdRT_Ts = [ 0.17341 ];
subjinfo.HA_meanRT_Ts = [ 0.36875 ];
subjinfo.HA_sdRT_Ts = [ 0.13977 ];
subjinfo.val_meanRT_Ts = [ 0.57173 ];
subjinfo.val_sdRT_Ts = [ 0.17894 ];
subjinfo.inval_meanRT_Ts = [ 0.6193 ];
subjinfo.inval_sdRT_Ts = [ 0.19641 ];
subjinfo.AN_val_1_nOmissionTrials_Ts_fine = [ 0 ];
subjinfo.AN_val_1_nFpTrials_Ts_fine = [ 0 ];
subjinfo.AN_val_1_nHitTrials_Ts_fine = [ 44 ];
subjinfo.AN_val_2_nOmissionTrials_Ts_fine = [ 0 ];
subjinfo.AN_val_2_nFpTrials_Ts_fine = [ 0 ];
subjinfo.AN_val_2_nHitTrials_Ts_fine = [ 23 ];
subjinfo.AN_inval_1_nOmissionTrials_Ts_fine = [ 0 ];
subjinfo.AN_inval_1_nFpTrials_Ts_fine = [ 0 ];
subjinfo.AN_inval_1_nHitTrials_Ts_fine = [ 20 ];
subjinfo.AN_inval_2_nOmissionTrials_Ts_fine = [ 0 ];
subjinfo.AN_inval_2_nFpTrials_Ts_fine = [ 0 ];
subjinfo.AN_inval_2_nHitTrials_Ts_fine = [ 27 ];
subjinfo.AN_inval_3_nOmissionTrials_Ts_fine = [ 0 ];
subjinfo.AN_inval_3_nFpTrials_Ts_fine = [ 0 ];
subjinfo.AN_inval_3_nHitTrials_Ts_fine = [ 39 ];
subjinfo.HA_val_1_nOmissionTrials_Ts_fine = [ 1 ];
subjinfo.HA_val_1_nFpTrials_Ts_fine = [ 1 ];
subjinfo.HA_val_1_nHitTrials_Ts_fine = [ 56 ];
subjinfo.HA_val_2_nOmissionTrials_Ts_fine = [ 0 ];
subjinfo.HA_val_2_nFpTrials_Ts_fine = [ 1 ];
subjinfo.HA_val_2_nHitTrials_Ts_fine = [ 28 ];
subjinfo.HA_inval_1_nOmissionTrials_Ts_fine = [ 0 ];
subjinfo.HA_inval_1_nFpTrials_Ts_fine = [ 0 ];
subjinfo.HA_inval_1_nHitTrials_Ts_fine = [ 12 ];
subjinfo.HA_inval_2_nOmissionTrials_Ts_fine = [ 0 ];
subjinfo.HA_inval_2_nFpTrials_Ts_fine = [ 0 ];
subjinfo.HA_inval_2_nHitTrials_Ts_fine = [ 34 ];
subjinfo.HA_inval_3_nOmissionTrials_Ts_fine = [ 0 ];
subjinfo.HA_inval_3_nFpTrials_Ts_fine = [ 0 ];
subjinfo.HA_inval_3_nHitTrials_Ts_fine = [ 36 ];
subjinfo.allFp_Ts_fine = [ 230   15 ];
subjinfo.allOmissions_Ts_fine = [ 355 ];
subjinfo.allHits_Ts_fine = [ 9   17   20   27   43   70   76   79   83   89  108  114  119  123  130  136  145  151  155  168  177  181  186  194  198  207  220  228  238  243  249  255  264  268  271  293  301  306  310  318  323  327  348  353   10   21   28   34   53   57   90  109  115  131  146  152  174  195  221  239  244  250  277  294  334  343  349   12   19   23   55   59   78  102  154  170  176  197  223  227  252  270  288  300  312  320  345    6   26   42   64   82   86   93  118  122  139  144  158  180  189  206  219  231  235  242  263  267  280  297  309  326  352  356    3    8   16   32   47   51   61   69   75   88   97   99  107  113  127  129  135  141  150  163  167  172  193  203  211  215  237  248  254  259  275  285  292  305  317  322  332  341  347    1    5   14   25   30   41   45   49   63   67   73   81   85   92   95  105  111  117  121  125  133  138  143  148  157  161  165  179  183  188  191  201  205  209  213  218  234  241  246  257  262  266  273  279  283  290  296  303  308  315  325  330  336  339  351  358    2   31   37   46   50   68   74   96  106  112  126  134  162  166  184  192  202  210  214  247  258  274  284  291  316  331  340  359    7   48   87   94   98  128  140  164  190  204  338  357   18   40   44   66   80   84  101  104  120  124  137  156  160  169  178  182  208  217  229  233  256  261  265  269  272  282  287  299  302  307  311  314  319  354   11   13   22   24   29   35   54   58   60   62   72   91  110  116  132  142  147  153  171  175  196  200  222  226  240  245  253  278  289  295  321  329  335  344  346  350 ];
subjinfo.nFP_Ts_fine = [ 2 ];
subjinfo.nOmissions_Ts_fine = [ 1 ];
subjinfo.nHits_Ts_fine = [ 319 ];
subjinfo.AN_val_1_meanRT_Ts_fine = [ 0.56374 ];
subjinfo.AN_val_1_sdRT_Ts_fine = [ 0.1793 ];
subjinfo.AN_val_2_meanRT_Ts_fine = [ 0.60224 ];
subjinfo.AN_val_2_sdRT_Ts_fine = [ 0.13589 ];
subjinfo.AN_inval_1_meanRT_Ts_fine = [ 0.59375 ];
subjinfo.AN_inval_1_sdRT_Ts_fine = [ 0.14201 ];
subjinfo.AN_inval_2_meanRT_Ts_fine = [ 0.61256 ];
subjinfo.AN_inval_2_sdRT_Ts_fine = [ 0.2186 ];
subjinfo.AN_inval_3_meanRT_Ts_fine = [ 0.58413 ];
subjinfo.AN_inval_3_sdRT_Ts_fine = [ 0.12869 ];
subjinfo.HA_val_1_meanRT_Ts_fine = [ 0.52148 ];
subjinfo.HA_val_1_sdRT_Ts_fine = [ 0.39608 ];
subjinfo.HA_val_2_meanRT_Ts_fine = [ 0.52316 ];
subjinfo.HA_val_2_sdRT_Ts_fine = [ 0.39565 ];
subjinfo.HA_inval_1_meanRT_Ts_fine = [ 0.45833 ];
subjinfo.HA_inval_1_sdRT_Ts_fine = [ 0.25312 ];
subjinfo.HA_inval_2_meanRT_Ts_fine = [ 0.59421 ];
subjinfo.HA_inval_2_sdRT_Ts_fine = [ 0.34048 ];
subjinfo.HA_inval_3_meanRT_Ts_fine = [ 0.48155 ];
subjinfo.HA_inval_3_sdRT_Ts_fine = [ 0.19301 ];
subjinfo.AN_meanRT_Ts_fine = [ 0.58727 ];
subjinfo.AN_sdRT_Ts_fine = [ 0.16407 ];
subjinfo.HA_meanRT_Ts_fine = [ 0.52344 ];
subjinfo.HA_sdRT_Ts_fine = [ 0.33911 ];
subjinfo.val_meanRT_Ts_fine = [ 0.57696 ];
subjinfo.val_sdRT_Ts_fine = [ 0.16565 ];
subjinfo.inval_meanRT_Ts_fine = [ 0.60455 ];
subjinfo.inval_sdRT_Ts_fine = [ 0.18822 ];
subjinfo.AN_val_1_propHit_Ts_fine = [ 1 ];
subjinfo.AN_val_1_propOm_Ts_fine = [ 0 ];
subjinfo.AN_val_1_propFP_Ts_fine = [ 0 ];
subjinfo.AN_val_2_propHit_Ts_fine = [ 1 ];
subjinfo.AN_val_2_propOm_Ts_fine = [ 0 ];
subjinfo.AN_val_2_propFP_Ts_fine = [ 0 ];
subjinfo.AN_inval_1_propHit_Ts_fine = [ 1 ];
subjinfo.AN_inval_1_propOm_Ts_fine = [ 0 ];
subjinfo.AN_inval_1_propFP_Ts_fine = [ 0 ];
subjinfo.AN_inval_2_propHit_Ts_fine = [ 1 ];
subjinfo.AN_inval_2_propOm_Ts_fine = [ 0 ];
subjinfo.AN_inval_2_propFP_Ts_fine = [ 0 ];
subjinfo.AN_inval_3_propHit_Ts_fine = [ 1 ];
subjinfo.AN_inval_3_propOm_Ts_fine = [ 0 ];
subjinfo.AN_inval_3_propFP_Ts_fine = [ 0 ];
subjinfo.HA_val_1_propHit_Ts_fine = [ 0.96552 ];
subjinfo.HA_val_1_propOm_Ts_fine = [ 0.017241 ];
subjinfo.HA_val_1_propFP_Ts_fine = [ 0.017241 ];
subjinfo.HA_val_2_propHit_Ts_fine = [ 0.96552 ];
subjinfo.HA_val_2_propOm_Ts_fine = [ 0 ];
subjinfo.HA_val_2_propFP_Ts_fine = [ 0.034483 ];
subjinfo.HA_inval_1_propHit_Ts_fine = [ 1 ];
subjinfo.HA_inval_1_propOm_Ts_fine = [ 0 ];
subjinfo.HA_inval_1_propFP_Ts_fine = [ 0 ];
subjinfo.HA_inval_2_propHit_Ts_fine = [ 1 ];
subjinfo.HA_inval_2_propOm_Ts_fine = [ 0 ];
subjinfo.HA_inval_2_propFP_Ts_fine = [ 0 ];
