subjinfo.allFp_Ts = [ 1    2  327  328 ];
subjinfo.allOmissions_Ts = [  ];
subjinfo.allHits_Ts = [ 6   14   16   17   21   29   35   36   39   40   43   44   50   51   61   66   67   75   81   92   93   96   98   99  101  110  117  122  130  131  136  141  142  148  152  157  158  165  169  173  177  181  184  185  189  192  193  199  200  207  208  218  222  230  235  241  245  246  249  253  258  263  266  270  277  282  283  288  289  293  294  301  302  305  306  310  316  320  326    5   10   13   15   20   24   28   31   34   38   42   47   49   55   57   60   65   71   74   78   80   85   89   95   97  104  106  109  112  116  121  125  129  133  135  140  144  147  151  156  160  164  168  172  176  180  183  188  191  196  203  206  212  217  221  225  227  234  238  240  244  248  252  255  257  262  265  269  272  276  281  285  287  292  296  300  309  313  315  319  323  325    4    8    9   12   19   23   26   27   32   33   46   53   54   59   63   64   69   70   73   77   83   84   87   88   91  103  108  114  115  119  120  124  127  128  138  139  146  150  154  155  162  163  167  171  175  179  187  195  198  202  205  210  211  214  215  220  224  229  232  233  237  243  250  251  260  261  267  268  274  275  279  280  291  298  299  304  308  312  318  322    3    7   11   18   22   25   30   37   41   45   48   52   56   58   62   68   72   76   79   82   86   90   94  100  102  105  107  111  113  118  123  126  132  134  137  143  145  149  153  159  161  166  170  174  178  182  186  190  194  197  201  204  209  213  216  219  223  226  228  231  236  239  242  247  254  256  259  264  271  273  278  284  286  290  295  297  303  307  311  314  317  321  324 ];
subjinfo.nFP_Ts = [ 4 ];
subjinfo.nOmissions_Ts = [ 0 ];
subjinfo.nHits_Ts = [ 324 ];
subjinfo.AN_meanRT_Ts = [ 0.58312 ];
subjinfo.AN_sdRT_Ts = [ 0.16987 ];
subjinfo.HA_meanRT_Ts = [ 0.37289 ];
subjinfo.HA_sdRT_Ts = [ 0.17091 ];
subjinfo.val_meanRT_Ts = [ 0.63321 ];
subjinfo.val_sdRT_Ts = [ 0.19432 ];
subjinfo.inval_meanRT_Ts = [ 0.56148 ];
subjinfo.inval_sdRT_Ts = [ 0.14874 ];
subjinfo.AN_val_1_nOmissionTrials_Ts_fine = [ 1 ];
subjinfo.AN_val_1_nFpTrials_Ts_fine = [ 0 ];
subjinfo.AN_val_1_nHitTrials_Ts_fine = [ 53 ];
subjinfo.AN_val_2_nOmissionTrials_Ts_fine = [ 1 ];
subjinfo.AN_val_2_nFpTrials_Ts_fine = [ 0 ];
subjinfo.AN_val_2_nHitTrials_Ts_fine = [ 25 ];
subjinfo.AN_inval_1_nOmissionTrials_Ts_fine = [ 0 ];
subjinfo.AN_inval_1_nFpTrials_Ts_fine = [ 0 ];
subjinfo.AN_inval_1_nHitTrials_Ts_fine = [ 15 ];
subjinfo.AN_inval_2_nOmissionTrials_Ts_fine = [ 0 ];
subjinfo.AN_inval_2_nFpTrials_Ts_fine = [ 0 ];
subjinfo.AN_inval_2_nHitTrials_Ts_fine = [ 30 ];
subjinfo.AN_inval_3_nOmissionTrials_Ts_fine = [ 0 ];
subjinfo.AN_inval_3_nFpTrials_Ts_fine = [ 0 ];
subjinfo.AN_inval_3_nHitTrials_Ts_fine = [ 39 ];
subjinfo.HA_val_1_nOmissionTrials_Ts_fine = [ 2 ];
subjinfo.HA_val_1_nFpTrials_Ts_fine = [ 0 ];
subjinfo.HA_val_1_nHitTrials_Ts_fine = [ 54 ];
subjinfo.HA_val_2_nOmissionTrials_Ts_fine = [ 2 ];
subjinfo.HA_val_2_nFpTrials_Ts_fine = [ 0 ];
subjinfo.HA_val_2_nHitTrials_Ts_fine = [ 27 ];
subjinfo.HA_inval_1_nOmissionTrials_Ts_fine = [ 0 ];
subjinfo.HA_inval_1_nFpTrials_Ts_fine = [ 0 ];
subjinfo.HA_inval_1_nHitTrials_Ts_fine = [ 15 ];
subjinfo.HA_inval_2_nOmissionTrials_Ts_fine = [ 0 ];
subjinfo.HA_inval_2_nFpTrials_Ts_fine = [ 1 ];
subjinfo.HA_inval_2_nHitTrials_Ts_fine = [ 23 ];
subjinfo.HA_inval_3_nOmissionTrials_Ts_fine = [ 1 ];
subjinfo.HA_inval_3_nFpTrials_Ts_fine = [ 0 ];
subjinfo.HA_inval_3_nHitTrials_Ts_fine = [ 38 ];
subjinfo.allFp_Ts_fine = [ 293 ];
subjinfo.allOmissions_Ts_fine = [ 1    2  255  260  305  310  152 ];
subjinfo.allHits_Ts_fine = [ 7   15   23   38   42   46   65   70   79   85   95  100  113  123  136  144  150  156  163  169  174  182  186  190  194  199  202  207  210  219  227  239  243  252  258  265  270  274  279  286  292  295  300  307  312  318  323  331  337  342  349  353  359   39   43   47   55   71   86  101  110  114  124  145  157  175  195  203  211  228  253  266  271  287  319  324  332  338   17   33  108  112  126  147  159  165  177  201  209  273  294  302  326   22   26   50   53   64   78   82  117  122  139  162  168  185  189  193  198  206  214  223  226  242  246  251  269  322  341  345  348  352  356    6   11   30   37   59   61   69   75   84   90   94   99  105  119  130  135  143  149  155  173  181  218  232  236  238  248  257  262  264  278  283  285  291  306  311  317  330  336  358    4    9   25   35   49   57   63   67   77   81   88   92   97  103  116  121  128  133  138  141  153  161  167  171  179  184  188  192  197  205  213  216  222  225  230  234  241  245  250  268  276  281  289  297  304  309  321  328  334  340  344  347  351  355   10   29   36   58   68   74   89   93   98  104  129  134  142  154  172  180  217  231  235  256  261  277  282  290  298  329  335   12   27   51   60   76   83   91  140  215  224  233  237  247  263  346    8   66   80   96  132  137  164  170  183  187  191  200  208  240  244  259  275  280  296  301  343  350  354    3   20   34   40   44   48   56   62   87  102  111  115  120  125  127  146  148  158  160  166  176  178  196  204  212  229  249  254  267  272  288  303  314  316  325  327  333  339 ];
subjinfo.nFP_Ts_fine = [ 1 ];
subjinfo.nOmissions_Ts_fine = [ 7 ];
subjinfo.nHits_Ts_fine = [ 319 ];
subjinfo.AN_val_1_meanRT_Ts_fine = [ 0.61218 ];
subjinfo.AN_val_1_sdRT_Ts_fine = [ 0.18862 ];
subjinfo.AN_val_2_meanRT_Ts_fine = [ 0.6575 ];
subjinfo.AN_val_2_sdRT_Ts_fine = [ 0.20682 ];
subjinfo.AN_inval_1_meanRT_Ts_fine = [ 0.56563 ];
subjinfo.AN_inval_1_sdRT_Ts_fine = [ 0.1565 ];
subjinfo.AN_inval_2_meanRT_Ts_fine = [ 0.54583 ];
subjinfo.AN_inval_2_sdRT_Ts_fine = [ 0.15474 ];
subjinfo.AN_inval_3_meanRT_Ts_fine = [ 0.50681 ];
subjinfo.AN_inval_3_sdRT_Ts_fine = [ 0.090066 ];
subjinfo.HA_val_1_meanRT_Ts_fine = [ 0.6182 ];
subjinfo.HA_val_1_sdRT_Ts_fine = [ 0.31746 ];
subjinfo.HA_val_2_meanRT_Ts_fine = [ 0.71759 ];
subjinfo.HA_val_2_sdRT_Ts_fine = [ 0.50197 ];
subjinfo.HA_inval_1_meanRT_Ts_fine = [ 0.66198 ];
subjinfo.HA_inval_1_sdRT_Ts_fine = [ 0.32396 ];
subjinfo.HA_inval_2_meanRT_Ts_fine = [ 0.82303 ];
subjinfo.HA_inval_2_sdRT_Ts_fine = [ 0.47643 ];
subjinfo.HA_inval_3_meanRT_Ts_fine = [ 0.64823 ];
subjinfo.HA_inval_3_sdRT_Ts_fine = [ 0.32337 ];
subjinfo.AN_meanRT_Ts_fine = [ 0.57721 ];
subjinfo.AN_sdRT_Ts_fine = [ 0.17036 ];
subjinfo.HA_meanRT_Ts_fine = [ 0.67675 ];
subjinfo.HA_sdRT_Ts_fine = [ 0.38382 ];
subjinfo.val_meanRT_Ts_fine = [ 0.6267 ];
subjinfo.val_sdRT_Ts_fine = [ 0.19445 ];
subjinfo.inval_meanRT_Ts_fine = [ 0.55243 ];
subjinfo.inval_sdRT_Ts_fine = [ 0.15383 ];
subjinfo.AN_val_1_propHit_Ts_fine = [ 0.98148 ];
subjinfo.AN_val_1_propOm_Ts_fine = [ 0.018519 ];
subjinfo.AN_val_1_propFP_Ts_fine = [ 0 ];
subjinfo.AN_val_2_propHit_Ts_fine = [ 0.96154 ];
subjinfo.AN_val_2_propOm_Ts_fine = [ 0.038462 ];
subjinfo.AN_val_2_propFP_Ts_fine = [ 0 ];
subjinfo.AN_inval_1_propHit_Ts_fine = [ 1 ];
subjinfo.AN_inval_1_propOm_Ts_fine = [ 0 ];
subjinfo.AN_inval_1_propFP_Ts_fine = [ 0 ];
subjinfo.AN_inval_2_propHit_Ts_fine = [ 1 ];
subjinfo.AN_inval_2_propOm_Ts_fine = [ 0 ];
subjinfo.AN_inval_2_propFP_Ts_fine = [ 0 ];
subjinfo.AN_inval_3_propHit_Ts_fine = [ 1 ];
subjinfo.AN_inval_3_propOm_Ts_fine = [ 0 ];
subjinfo.AN_inval_3_propFP_Ts_fine = [ 0 ];
subjinfo.HA_val_1_propHit_Ts_fine = [ 0.96429 ];
subjinfo.HA_val_1_propOm_Ts_fine = [ 0.035714 ];
subjinfo.HA_val_1_propFP_Ts_fine = [ 0 ];
subjinfo.HA_val_2_propHit_Ts_fine = [ 0.93103 ];
subjinfo.HA_val_2_propOm_Ts_fine = [ 0.068966 ];
subjinfo.HA_val_2_propFP_Ts_fine = [ 0 ];
subjinfo.HA_inval_1_propHit_Ts_fine = [ 1 ];
subjinfo.HA_inval_1_propOm_Ts_fine = [ 0 ];
subjinfo.HA_inval_1_propFP_Ts_fine = [ 0 ];
subjinfo.HA_inval_2_propHit_Ts_fine = [ 0.95833 ];
subjinfo.HA_inval_2_propOm_Ts_fine = [ 0 ];
subjinfo.HA_inval_2_propFP_Ts_fine = [ 0.041667 ];
subjinfo.HA_inval_3_propHit_Ts_fine = [ 0.97436 ];
