subjinfo.allFp_Ts = [ 117  355  356  357 ];
subjinfo.allOmissions_Ts = [  ];
subjinfo.allHits_Ts = [ 9   10   21   25   26   30   33   34   38   39   43   44   47   48   55   60   61   71   72   77   78   81   84   85   88   89   94   95  103  110  111  121  122  129  130  136  137  140  144  152  159  162  171  172  178  181  182  187  191  195  199  203  206  214  219  222  223  229  234  237  238  242  243  254  258  261  262  267  272  276  277  292  293  298  299  303  304  310  314  320  324  325  329  330  339  344  347  348  352    1    4    8   14   16   20   24   29   32   37   42   46   51   54   59   63   67   70   76   80   83   87   93   99  102  107  109  115  120  124  128  132  135  143  147  151  155  158  161  166  170  175  177  180  186  190  194  198  202  205  209  213  218  221  226  228  233  236  241  245  247  249  253  257  260  266  271  275  281  283  287  291  297  302  307  309  313  316  319  323  328  334  338  343  346  351  354    3    6    7   12   13   18   19   23   28   36   41   50   53   57   58   65   66   69   74   75   91   92   97   98  101  105  106  113  114  119  126  127  134  139  142  146  149  150  154  157  164  165  168  169  174  184  185  189  193  197  201  208  211  212  216  217  225  231  232  240  251  252  256  264  265  269  270  274  279  280  285  286  289  290  295  296  301  306  312  318  322  327  332  333  336  337  341  342  350    2    5   11   15   17   22   27   31   35   40   45   49   52   56   62   64   68   73   79   82   86   90   96  100  104  108  112  116  118  123  125  131  133  138  141  145  148  153  156  160  163  167  173  176  179  183  188  192  196  200  204  207  210  215  220  224  227  230  235  239  244  246  248  250  255  259  263  268  273  278  282  284  288  294  300  305  308  311  315  317  321  326  331  335  340  345  349  353 ];
subjinfo.nFP_Ts = [ 4 ];
subjinfo.nOmissions_Ts = [ 0 ];
subjinfo.nHits_Ts = [ 353 ];
subjinfo.AN_meanRT_Ts = [ 0.49556 ];
subjinfo.AN_sdRT_Ts = [ 0.081094 ];
subjinfo.HA_meanRT_Ts = [ 0.32693 ];
subjinfo.HA_sdRT_Ts = [ 0.082497 ];
subjinfo.val_meanRT_Ts = [ 0.45453 ];
subjinfo.val_sdRT_Ts = [ 0.071599 ];
subjinfo.inval_meanRT_Ts = [ 0.54458 ];
subjinfo.inval_sdRT_Ts = [ 0.0699 ];
subjinfo.AN_val_1_nOmissionTrials_Ts_fine = [ 0 ];
subjinfo.AN_val_1_nFpTrials_Ts_fine = [ 0 ];
subjinfo.AN_val_1_nHitTrials_Ts_fine = [ 60 ];
subjinfo.AN_val_2_nOmissionTrials_Ts_fine = [ 0 ];
subjinfo.AN_val_2_nFpTrials_Ts_fine = [ 0 ];
subjinfo.AN_val_2_nHitTrials_Ts_fine = [ 31 ];
subjinfo.AN_inval_1_nOmissionTrials_Ts_fine = [ 0 ];
subjinfo.AN_inval_1_nFpTrials_Ts_fine = [ 0 ];
subjinfo.AN_inval_1_nHitTrials_Ts_fine = [ 19 ];
subjinfo.AN_inval_2_nOmissionTrials_Ts_fine = [ 0 ];
subjinfo.AN_inval_2_nFpTrials_Ts_fine = [ 0 ];
subjinfo.AN_inval_2_nHitTrials_Ts_fine = [ 33 ];
subjinfo.AN_inval_3_nOmissionTrials_Ts_fine = [ 1 ];
subjinfo.AN_inval_3_nFpTrials_Ts_fine = [ 0 ];
subjinfo.AN_inval_3_nHitTrials_Ts_fine = [ 36 ];
subjinfo.HA_val_1_nOmissionTrials_Ts_fine = [ 2 ];
subjinfo.HA_val_1_nFpTrials_Ts_fine = [ 0 ];
subjinfo.HA_val_1_nHitTrials_Ts_fine = [ 60 ];
subjinfo.HA_val_2_nOmissionTrials_Ts_fine = [ 2 ];
subjinfo.HA_val_2_nFpTrials_Ts_fine = [ 0 ];
subjinfo.HA_val_2_nHitTrials_Ts_fine = [ 27 ];
subjinfo.HA_inval_1_nOmissionTrials_Ts_fine = [ 0 ];
subjinfo.HA_inval_1_nFpTrials_Ts_fine = [ 0 ];
subjinfo.HA_inval_1_nHitTrials_Ts_fine = [ 19 ];
subjinfo.HA_inval_2_nOmissionTrials_Ts_fine = [ 0 ];
subjinfo.HA_inval_2_nFpTrials_Ts_fine = [ 0 ];
subjinfo.HA_inval_2_nHitTrials_Ts_fine = [ 29 ];
subjinfo.HA_inval_3_nOmissionTrials_Ts_fine = [ 0 ];
subjinfo.HA_inval_3_nFpTrials_Ts_fine = [ 0 ];
subjinfo.HA_inval_3_nHitTrials_Ts_fine = [ 40 ];
subjinfo.allFp_Ts_fine = [  ];
subjinfo.allOmissions_Ts_fine = [ 117  126  203  270  295 ];
subjinfo.allHits_Ts_fine = [ 9   21   25   30   33   38   43   47   55   60   71   77   81   84   88   94  103  110  121  129  136  141  145  154  161  164  173  180  183  189  193  197  201  206  209  217  222  225  232  238  241  246  259  263  266  272  277  281  297  303  308  315  319  325  329  334  344  349  352  357   10   26   34   39   44   48   61   72   78   85   89   95  111  122  130  137  146  174  184  226  233  242  247  267  282  298  304  309  330  335  353    1   32   46   63   80   83   87  124  132  163  182  208  224  240  249  265  321  351  359    4   24   29   37   42   51   54   70  102  120  135  140  144  149  157  160  177  192  196  200  212  229  245  254  262  280  307  312  318  324  328  333  356    8   14   16   20   59   67   76   93   99  107  109  115  128  153  168  172  179  188  205  216  221  231  237  251  258  271  276  286  288  292  296  302  314  339  343  348    3    6   12   18   23   28   36   41   50   53   57   65   69   74   91   97  101  105  113  119  134  139  143  148  151  156  159  166  170  176  186  191  195  199  211  214  219  228  235  244  253  256  261  269  274  279  284  290  294  300  306  311  317  323  327  332  337  341  346  355    7   13   19   58   66   75   92   98  106  114  127  152  167  171  187  204  215  220  236  257  275  285  291  301  338  342  347    2    5   15   52   68  100  108  116  150  158  169  178  213  230  255  287  293  313  340   22   31   56   82  104  142  155  162  165  181  190  194  198  202  207  210  218  223  239  260  264  273  278  316  320  326  345  350  358   11   17   27   35   40   45   49   62   64   73   79   86   90   96  112  118  123  125  131  133  138  147  175  185  227  234  243  248  250  252  268  283  289  299  305  310  322  331  336  354 ];
subjinfo.nFP_Ts_fine = [ 0 ];
subjinfo.nOmissions_Ts_fine = [ 5 ];
subjinfo.nHits_Ts_fine = [ 354 ];
subjinfo.AN_val_1_meanRT_Ts_fine = [ 0.44505 ];
subjinfo.AN_val_1_sdRT_Ts_fine = [ 0.075402 ];
subjinfo.AN_val_2_meanRT_Ts_fine = [ 0.4506 ];
subjinfo.AN_val_2_sdRT_Ts_fine = [ 0.062708 ];
subjinfo.AN_inval_1_meanRT_Ts_fine = [ 0.56291 ];
subjinfo.AN_inval_1_sdRT_Ts_fine = [ 0.069657 ];
subjinfo.AN_inval_2_meanRT_Ts_fine = [ 0.52344 ];
subjinfo.AN_inval_2_sdRT_Ts_fine = [ 0.066291 ];
subjinfo.AN_inval_3_meanRT_Ts_fine = [ 0.51997 ];
subjinfo.AN_inval_3_sdRT_Ts_fine = [ 0.06476 ];
subjinfo.HA_val_1_meanRT_Ts_fine = [ 0.32122 ];
subjinfo.HA_val_1_sdRT_Ts_fine = [ 0.087045 ];
subjinfo.HA_val_2_meanRT_Ts_fine = [ 0.32899 ];
subjinfo.HA_val_2_sdRT_Ts_fine = [ 0.10549 ];
subjinfo.HA_inval_1_meanRT_Ts_fine = [ 0.38692 ];
subjinfo.HA_inval_1_sdRT_Ts_fine = [ 0.055019 ];
subjinfo.HA_inval_2_meanRT_Ts_fine = [ 0.35075 ];
subjinfo.HA_inval_2_sdRT_Ts_fine = [ 0.083528 ];
subjinfo.HA_inval_3_meanRT_Ts_fine = [ 0.35059 ];
subjinfo.HA_inval_3_sdRT_Ts_fine = [ 0.15306 ];
subjinfo.AN_meanRT_Ts_fine = [ 0.48804 ];
subjinfo.AN_sdRT_Ts_fine = [ 0.080971 ];
subjinfo.HA_meanRT_Ts_fine = [ 0.34116 ];
subjinfo.HA_sdRT_Ts_fine = [ 0.10651 ];
subjinfo.val_meanRT_Ts_fine = [ 0.44694 ];
subjinfo.val_sdRT_Ts_fine = [ 0.071028 ];
subjinfo.inval_meanRT_Ts_fine = [ 0.53786 ];
subjinfo.inval_sdRT_Ts_fine = [ 0.069558 ];
subjinfo.AN_val_1_propHit_Ts_fine = [ 1 ];
subjinfo.AN_val_1_propOm_Ts_fine = [ 0 ];
subjinfo.AN_val_1_propFP_Ts_fine = [ 0 ];
subjinfo.AN_val_2_propHit_Ts_fine = [ 1 ];
subjinfo.AN_val_2_propOm_Ts_fine = [ 0 ];
subjinfo.AN_val_2_propFP_Ts_fine = [ 0 ];
subjinfo.AN_inval_1_propHit_Ts_fine = [ 1 ];
subjinfo.AN_inval_1_propOm_Ts_fine = [ 0 ];
subjinfo.AN_inval_1_propFP_Ts_fine = [ 0 ];
subjinfo.AN_inval_2_propHit_Ts_fine = [ 1 ];
subjinfo.AN_inval_2_propOm_Ts_fine = [ 0 ];
subjinfo.AN_inval_2_propFP_Ts_fine = [ 0 ];
subjinfo.AN_inval_3_propHit_Ts_fine = [ 0.97297 ];
subjinfo.AN_inval_3_propOm_Ts_fine = [ 0.027027 ];
subjinfo.AN_inval_3_propFP_Ts_fine = [ 0 ];
subjinfo.HA_val_1_propHit_Ts_fine = [ 0.96774 ];
subjinfo.HA_val_1_propOm_Ts_fine = [ 0.032258 ];
subjinfo.HA_val_1_propFP_Ts_fine = [ 0 ];
subjinfo.HA_val_2_propHit_Ts_fine = [ 0.93103 ];
subjinfo.HA_val_2_propOm_Ts_fine = [ 0.068966 ];
subjinfo.HA_val_2_propFP_Ts_fine = [ 0 ];
