subjinfo.allFp_Ts = [ 35   88  116  129  140  143  156  251  280  312   75  110  145  231  235  254  268  274  295  319  321  326 ];
subjinfo.allOmissions_Ts = [  ];
subjinfo.allHits_Ts = [ 7   12   13   18   19   24   25   28   31   32   38   39   44   47   52   53   60   64   66   73   76   79   83   93  104  105  111  117  125  133  134  152  153  165  166  170  171  174  175  180  181  185  190  195  199  204  210  214  215  223  224  228  232  233  240  241  246  252  255  259  264  269  279  284  285  291  292  296  297  301  308  311  322    1    3    6   11   17   23   27   30   37   43   46   51   55   57   59   63   68   72   78   82   87   92   96   98  100  103  107  115  121  124  132  136  139  142  147  151  155  158  160  164  169  173  179  184  189  194  198  201  203  207  209  213  218  222  227  237  245  250  258  263  272  278  283  288  290  300  304  307  314  316  327    2    5    9   10   15   16   21   22   34   41   42   49   50   62   67   70   71   81   85   86   90   91   95  101  102  109  113  114  119  120  123  128  131  138  149  150  162  163  168  177  178  183  187  188  192  193  197  206  212  217  220  221  226  230  239  244  248  249  257  261  262  266  267  271  276  277  282  287  294  298  299  303  306  310  318  324  325    4    8   14   20   26   29   33   36   40   45   48   54   56   58   61   65   69   74   77   80   84   89   94   97   99  106  108  112  118  122  126  127  130  135  137  141  144  146  148  154  157  159  161  167  172  176  182  186  191  196  200  202  205  208  211  216  219  225  229  234  236  238  242  243  247  253  256  260  265  270  273  275  281  286  289  293  302  305  309  313  315  317  320  323 ];
subjinfo.nFP_Ts = [ 22 ];
subjinfo.nOmissions_Ts = [ 0 ];
subjinfo.nHits_Ts = [ 305 ];
subjinfo.AN_meanRT_Ts = [ 0.54753 ];
subjinfo.AN_sdRT_Ts = [ 0.44587 ];
subjinfo.HA_meanRT_Ts = [ 0.46336 ];
subjinfo.HA_sdRT_Ts = [ 0.39669 ];
subjinfo.val_meanRT_Ts = [ 0.66385 ];
subjinfo.val_sdRT_Ts = [ 0.5252 ];
subjinfo.inval_meanRT_Ts = [ 0.46602 ];
subjinfo.inval_sdRT_Ts = [ 0.39076 ];
subjinfo.AN_val_1_nOmissionTrials_Ts_fine = [ 0 ];
subjinfo.AN_val_1_nFpTrials_Ts_fine = [ 9 ];
subjinfo.AN_val_1_nHitTrials_Ts_fine = [ 42 ];
subjinfo.AN_val_2_nOmissionTrials_Ts_fine = [ 0 ];
subjinfo.AN_val_2_nFpTrials_Ts_fine = [ 1 ];
subjinfo.AN_val_2_nHitTrials_Ts_fine = [ 14 ];
subjinfo.AN_inval_1_nOmissionTrials_Ts_fine = [ 0 ];
subjinfo.AN_inval_1_nFpTrials_Ts_fine = [ 1 ];
subjinfo.AN_inval_1_nHitTrials_Ts_fine = [ 8 ];
subjinfo.AN_inval_2_nOmissionTrials_Ts_fine = [ 0 ];
subjinfo.AN_inval_2_nFpTrials_Ts_fine = [ 5 ];
subjinfo.AN_inval_2_nHitTrials_Ts_fine = [ 20 ];
subjinfo.AN_inval_3_nOmissionTrials_Ts_fine = [ 0 ];
subjinfo.AN_inval_3_nFpTrials_Ts_fine = [ 2 ];
subjinfo.AN_inval_3_nHitTrials_Ts_fine = [ 19 ];
subjinfo.HA_val_1_nOmissionTrials_Ts_fine = [ 0 ];
subjinfo.HA_val_1_nFpTrials_Ts_fine = [ 12 ];
subjinfo.HA_val_1_nHitTrials_Ts_fine = [ 28 ];
subjinfo.HA_val_2_nOmissionTrials_Ts_fine = [ 0 ];
subjinfo.HA_val_2_nFpTrials_Ts_fine = [ 1 ];
subjinfo.HA_val_2_nHitTrials_Ts_fine = [ 9 ];
subjinfo.HA_inval_1_nOmissionTrials_Ts_fine = [ 0 ];
subjinfo.HA_inval_1_nFpTrials_Ts_fine = [ 4 ];
subjinfo.HA_inval_1_nHitTrials_Ts_fine = [ 6 ];
subjinfo.HA_inval_2_nOmissionTrials_Ts_fine = [ 0 ];
subjinfo.HA_inval_2_nFpTrials_Ts_fine = [ 0 ];
subjinfo.HA_inval_2_nHitTrials_Ts_fine = [ 27 ];
subjinfo.HA_inval_3_nOmissionTrials_Ts_fine = [ 0 ];
subjinfo.HA_inval_3_nFpTrials_Ts_fine = [ 5 ];
subjinfo.HA_inval_3_nHitTrials_Ts_fine = [ 21 ];
subjinfo.allFp_Ts_fine = [ 38   99  129  145  161  175  277  285  330  344  280  123  144  164  342  351  254  323  122  163  179  188  198  234  274  287  314  333  341  350  133    3   77  135  165   83  111  113  307  332 ];
subjinfo.allOmissions_Ts_fine = [  ];
subjinfo.allHits_Ts_fine = [ 9   14   26   33   41   66   73   81   85   89   93  104  117  124  139  153  157  171  185  190  201  206  211  216  220  232  236  245  250  255  265  272  281  290  295  305  311  318  324  338  352  355   15   42   57   94  118  130  150  191  237  256  278  306  319  325   84  141  174  177  222  268  346  354   50   60   76   88   92  148  180  189  194  219  235  240  249  261  264  271  284  315  334  337   46   62   80  110  112  128  134  166  200  210  231  244  276  289  310  317  329  348  359   17   49   78   87   91  106  114  126  132  143  147  182  204  208  213  218  248  252  260  263  270  283  292  297  302  308  321  336  107  127  199  243  288  293  303  309  328   61  230  262  299  316  335   31   39   48   52   67   71   74   86   90  100  105  125  140  146  154  162  176  207  217  233  251  273  282  286  291  296  353   16   35  121  131  142  151  167  178  192  197  247  269  279  301  313  320  326  340  345  347  349 ];
subjinfo.nFP_Ts_fine = [ 40 ];
subjinfo.nOmissions_Ts_fine = [ 0 ];
subjinfo.nHits_Ts_fine = [ 194 ];
subjinfo.AN_val_1_meanRT_Ts_fine = [ 0.73958 ];
subjinfo.AN_val_1_sdRT_Ts_fine = [ 0.61517 ];
subjinfo.AN_val_2_meanRT_Ts_fine = [ 0.66406 ];
subjinfo.AN_val_2_sdRT_Ts_fine = [ 0.75492 ];
subjinfo.AN_inval_1_meanRT_Ts_fine = [ 0.61914 ];
subjinfo.AN_inval_1_sdRT_Ts_fine = [ 0.76687 ];
subjinfo.AN_inval_2_meanRT_Ts_fine = [ 0.38828 ];
subjinfo.AN_inval_2_sdRT_Ts_fine = [ 0.068348 ];
subjinfo.AN_inval_3_meanRT_Ts_fine = [ 0.43174 ];
subjinfo.AN_inval_3_sdRT_Ts_fine = [ 0.11836 ];
subjinfo.HA_val_1_meanRT_Ts_fine = [ 0.86635 ];
subjinfo.HA_val_1_sdRT_Ts_fine = [ 0.72109 ];
subjinfo.HA_val_2_meanRT_Ts_fine = [ 1.2292 ];
subjinfo.HA_val_2_sdRT_Ts_fine = [ 0.71752 ];
subjinfo.HA_inval_1_meanRT_Ts_fine = [ 0.86328 ];
subjinfo.HA_inval_1_sdRT_Ts_fine = [ 0.80141 ];
subjinfo.HA_inval_2_meanRT_Ts_fine = [ 0.92535 ];
subjinfo.HA_inval_2_sdRT_Ts_fine = [ 0.57218 ];
subjinfo.HA_inval_3_meanRT_Ts_fine = [ 1.0301 ];
subjinfo.HA_inval_3_sdRT_Ts_fine = [ 0.67394 ];
subjinfo.AN_meanRT_Ts_fine = [ 0.59496 ];
subjinfo.AN_sdRT_Ts_fine = [ 0.53954 ];
subjinfo.HA_meanRT_Ts_fine = [ 0.95733 ];
subjinfo.HA_sdRT_Ts_fine = [ 0.66711 ];
subjinfo.val_meanRT_Ts_fine = [ 0.7207 ];
subjinfo.val_sdRT_Ts_fine = [ 0.64645 ];
subjinfo.inval_meanRT_Ts_fine = [ 0.45424 ];
subjinfo.inval_sdRT_Ts_fine = [ 0.4087 ];
subjinfo.AN_val_1_propHit_Ts_fine = [ 0.82353 ];
subjinfo.AN_val_1_propOm_Ts_fine = [ 0 ];
subjinfo.AN_val_1_propFP_Ts_fine = [ 0.17647 ];
subjinfo.AN_val_2_propHit_Ts_fine = [ 0.93333 ];
subjinfo.AN_val_2_propOm_Ts_fine = [ 0 ];
subjinfo.AN_val_2_propFP_Ts_fine = [ 0.066667 ];
subjinfo.AN_inval_1_propHit_Ts_fine = [ 0.88889 ];
subjinfo.AN_inval_1_propOm_Ts_fine = [ 0 ];
subjinfo.AN_inval_1_propFP_Ts_fine = [ 0.11111 ];
subjinfo.AN_inval_2_propHit_Ts_fine = [ 0.8 ];
subjinfo.AN_inval_2_propOm_Ts_fine = [ 0 ];
subjinfo.AN_inval_2_propFP_Ts_fine = [ 0.2 ];
subjinfo.AN_inval_3_propHit_Ts_fine = [ 0.90476 ];
subjinfo.AN_inval_3_propOm_Ts_fine = [ 0 ];
subjinfo.AN_inval_3_propFP_Ts_fine = [ 0.095238 ];
subjinfo.HA_val_1_propHit_Ts_fine = [ 0.7 ];
subjinfo.HA_val_1_propOm_Ts_fine = [ 0 ];
subjinfo.HA_val_1_propFP_Ts_fine = [ 0.3 ];
subjinfo.HA_val_2_propHit_Ts_fine = [ 0.9 ];
subjinfo.HA_val_2_propOm_Ts_fine = [ 0 ];
subjinfo.HA_val_2_propFP_Ts_fine = [ 0.1 ];
subjinfo.HA_inval_1_propHit_Ts_fine = [ 0.6 ];
subjinfo.HA_inval_1_propOm_Ts_fine = [ 0 ];
subjinfo.HA_inval_1_propFP_Ts_fine = [ 0.4 ];
subjinfo.HA_inval_2_propHit_Ts_fine = [ 1 ];
subjinfo.HA_inval_2_propOm_Ts_fine = [ 0 ];
subjinfo.HA_inval_2_propFP_Ts_fine = [ 0 ];
subjinfo.HA_inval_3_propHit_Ts_fine = [ 0.80769 ];
subjinfo.HA_inval_3_propOm_Ts_fine = [ 0 ];
subjinfo.HA_inval_3_propFP_Ts_fine = [ 0.19231 ];
subjinfo.emg_data = 'yes';
subjinfo.emg_data = 'yes';
subjinfo.AN_val_nOmissionTrials_Rp = [ 0 ];
subjinfo.AN_val_nFpTrials_Rp = [ 0 ];
subjinfo.AN_val_nHitTrials_Rp = [ 77 ];
subjinfo.AN_inval_nOmissionTrials_Rp = [ 0 ];
subjinfo.AN_inval_nFpTrials_Rp = [ 0 ];
subjinfo.AN_inval_nHitTrials_Rp = [ 19 ];
subjinfo.HA_val_nOmissionTrials_Rp = [ 0 ];
subjinfo.HA_val_nFpTrials_Rp = [ 0 ];
