subjinfo.emg_data = 'yes';
subjinfo.emg_data = 'yes';
subjinfo.emg_data = 'yes';
subjinfo.AN_val_nOmissionTrials_Rp = [ 2 ];
subjinfo.AN_val_nFpTrials_Rp = [ 1 ];
subjinfo.AN_val_nHitTrials_Rp = [ 68 ];
subjinfo.AN_inval_nOmissionTrials_Rp = [ 1 ];
subjinfo.AN_inval_nFpTrials_Rp = [ 0 ];
subjinfo.AN_inval_nHitTrials_Rp = [ 14 ];
subjinfo.HA_val_nOmissionTrials_Rp = [ 2 ];
subjinfo.HA_val_nFpTrials_Rp = [ 0 ];
subjinfo.HA_val_nHitTrials_Rp = [ 68 ];
subjinfo.HA_inval_nOmissionTrials_Rp = [ 2 ];
subjinfo.HA_inval_nFpTrials_Rp = [ 0 ];
subjinfo.HA_inval_nHitTrials_Rp = [ 14 ];
subjinfo.allFp_Rp = [ 197 ];
subjinfo.allOmissions_Rp = [ 57  150  143    2  100   42  115 ];
subjinfo.allHits_Rp = [ 6   11   14   15   18   19   21   24   26   28   29   31   36   38   39   40   43   46   47   50   51   58   59   60   62   64   67   79   81   95   96   97   98  101  103  107  110  111  117  125  127  128  134  136  139  142  145  147  149  152  157  158  159  160  162  164  168  172  175  176  177  181  183  184  186  190  192  199   49   54   68   71   91  122  129  131  138  144  154  169  182  185    4    7    8    9   12   17   22   23   25   27   34   37   41   45   48   53   56   63   72   73   75   76   78   80   82   83   84   85   86   90   92   93   94   99  105  106  108  109  112  113  114  116  118  119  121  123  126  132  141  148  153  155  161  163  166  167  170  171  174  178  179  180  187  189  191  195  196  200    3   30   35   55   69   74   77  104  120  124  140  156  193  198 ];
subjinfo.nFP_Rp = [ 1 ];
subjinfo.nOmissions_Rp = [ 7 ];
subjinfo.nHits_Rp = [ 164 ];
subjinfo.AN_val_meanRT_Rp = [ 0.83307 ];
subjinfo.AN_val_sdRT_Rp = [ 0.2895 ];
subjinfo.AN_inval_meanRT_Rp = [ 1.0229 ];
subjinfo.AN_inval_sdRT_Rp = [ 0.26676 ];
subjinfo.HA_val_meanRT_Rp = [ 0.69612 ];
subjinfo.HA_val_sdRT_Rp = [ 0.49811 ];
subjinfo.HA_inval_meanRT_Rp = [ 0.64007 ];
subjinfo.HA_inval_sdRT_Rp = [ 0.41083 ];
subjinfo.AN_meanRT_Rp = [ 0.86547 ];
subjinfo.AN_sdRT_Rp = [ 0.2931 ];
subjinfo.HA_meanRT_Rp = [ 0.68655 ];
subjinfo.HA_sdRT_Rp = [ 0.48246 ];
subjinfo.val_meanRT_Rp = [ 0.76459 ];
subjinfo.val_sdRT_Rp = [ 0.41165 ];
subjinfo.inval_meanRT_Rp = [ 0.83147 ];
subjinfo.inval_sdRT_Rp = [ 0.39182 ];
subjinfo.AN_val_propHit_Rp = [ 0.95775 ];
subjinfo.AN_val_propOm_Rp = [ 0.028169 ];
subjinfo.AN_val_propFP_Rp = [ 0.014085 ];
subjinfo.AN_inval_propHit_Rp = [ 0.93333 ];
subjinfo.AN_inval_propOm_Rp = [ 0.066667 ];
subjinfo.AN_inval_propFP_Rp = [ 0 ];
subjinfo.HA_val_propHit_Rp = [ 0.97143 ];
subjinfo.HA_val_propOm_Rp = [ 0.028571 ];
subjinfo.HA_val_propFP_Rp = [ 0 ];
subjinfo.HA_inval_propHit_Rp = [ 0.875 ];
subjinfo.HA_inval_propOm_Rp = [ 0.125 ];
subjinfo.HA_inval_propFP_Rp = [ 0 ];
subjinfo.emg_data = 'yes';
subjinfo.AN_val_nOmissionTrials_Rp = [ 2 ];
subjinfo.AN_val_nFpTrials_Rp = [ 1 ];
subjinfo.AN_val_nHitTrials_Rp = [ 68 ];
subjinfo.AN_inval_nOmissionTrials_Rp = [ 1 ];
subjinfo.AN_inval_nFpTrials_Rp = [ 0 ];
subjinfo.AN_inval_nHitTrials_Rp = [ 14 ];
subjinfo.HA_val_nOmissionTrials_Rp = [ 2 ];
subjinfo.HA_val_nFpTrials_Rp = [ 0 ];
subjinfo.HA_val_nHitTrials_Rp = [ 68 ];
subjinfo.HA_inval_nOmissionTrials_Rp = [ 2 ];
subjinfo.HA_inval_nFpTrials_Rp = [ 0 ];
subjinfo.HA_inval_nHitTrials_Rp = [ 14 ];
subjinfo.allFp_Rp = [ 197 ];
subjinfo.allOmissions_Rp = [ 57  150  143    2  100   42  115 ];
subjinfo.allHits_Rp = [ 6   11   14   15   18   19   21   24   26   28   29   31   36   38   39   40   43   46   47   50   51   58   59   60   62   64   67   79   81   95   96   97   98  101  103  107  110  111  117  125  127  128  134  136  139  142  145  147  149  152  157  158  159  160  162  164  168  172  175  176  177  181  183  184  186  190  192  199   49   54   68   71   91  122  129  131  138  144  154  169  182  185    4    7    8    9   12   17   22   23   25   27   34   37   41   45   48   53   56   63   72   73   75   76   78   80   82   83   84   85   86   90   92   93   94   99  105  106  108  109  112  113  114  116  118  119  121  123  126  132  141  148  153  155  161  163  166  167  170  171  174  178  179  180  187  189  191  195  196  200    3   30   35   55   69   74   77  104  120  124  140  156  193  198 ];
subjinfo.nFP_Rp = [ 1 ];
subjinfo.nOmissions_Rp = [ 7 ];
subjinfo.nHits_Rp = [ 164 ];
subjinfo.AN_val_meanRT_Rp = [ 0.83307 ];
subjinfo.AN_val_sdRT_Rp = [ 0.2895 ];
subjinfo.AN_inval_meanRT_Rp = [ 1.0229 ];
subjinfo.AN_inval_sdRT_Rp = [ 0.26676 ];
subjinfo.HA_val_meanRT_Rp = [ 0.69612 ];
subjinfo.HA_val_sdRT_Rp = [ 0.49811 ];
subjinfo.HA_inval_meanRT_Rp = [ 0.64007 ];
subjinfo.HA_inval_sdRT_Rp = [ 0.41083 ];
subjinfo.AN_meanRT_Rp = [ 0.86547 ];
subjinfo.AN_sdRT_Rp = [ 0.2931 ];
subjinfo.HA_meanRT_Rp = [ 0.68655 ];
subjinfo.HA_sdRT_Rp = [ 0.48246 ];
subjinfo.val_meanRT_Rp = [ 0.76459 ];
subjinfo.val_sdRT_Rp = [ 0.41165 ];
subjinfo.inval_meanRT_Rp = [ 0.83147 ];
subjinfo.inval_sdRT_Rp = [ 0.39182 ];
subjinfo.AN_val_propHit_Rp = [ 0.95775 ];
subjinfo.AN_val_propOm_Rp = [ 0.028169 ];
subjinfo.AN_val_propFP_Rp = [ 0.014085 ];
subjinfo.AN_inval_propHit_Rp = [ 0.93333 ];
subjinfo.AN_inval_propOm_Rp = [ 0.066667 ];
subjinfo.AN_inval_propFP_Rp = [ 0 ];
subjinfo.HA_val_propHit_Rp = [ 0.97143 ];
subjinfo.HA_val_propOm_Rp = [ 0.028571 ];
subjinfo.HA_val_propFP_Rp = [ 0 ];
subjinfo.HA_inval_propHit_Rp = [ 0.875 ];
subjinfo.HA_inval_propOm_Rp = [ 0.125 ];
subjinfo.HA_inval_propFP_Rp = [ 0 ];
subjinfo.subjid = 'VP36';
subjinfo.first_block = [ 2 ];
subjinfo.happy_letter = 'w';
subjinfo.pseudonym = 'WOBLWI04TR';
subjinfo.alter = [ 29 ];
subjinfo.geschlecht = [ 1 ];
subjinfo.state_mood_1 = [ 3 ];
subjinfo.state_ruhig_1 = [ 2 ];
subjinfo.state_erregt_1 = [ 4 ];
subjinfo.state_wach_1 = [ 2 ];
subjinfo.state_mued_1 = [ 4 ];
subjinfo.state_mood_2 = [ 2 ];
subjinfo.state_ruhig_2 = [ 2 ];
subjinfo.state_erregt_2 = [ 4 ];
subjinfo.state_wach_2 = [ 2 ];
subjinfo.state_mued_2 = [ 4 ];
subjinfo.psyc = [ 0 ];
subjinfo.RP_strat1 = [ 0 ];
subjinfo.RP_strat2 = [ 0 ];
subjinfo.RP_strat3 = [ 0 ];
subjinfo.RP_strat4 = [ 1 ];
subjinfo.RP_stratC = [ 0 ];
subjinfo.RP_stratCtxt = [ 0 ];
subjinfo.RP_gefuehl = 'Es war gut umsetzbar, ich kam zurecht, und war bereits durch Aufgabe 1 in der Übung.';
subjinfo.RP_freu = [ 2 ];
subjinfo.RP_aerg = [ 4 ];
subjinfo.TS_l_strat1 = [ 1 ];
subjinfo.TS_l_strat2 = [ 0 ];
subjinfo.TS_l_strat3 = [ 0 ];
subjinfo.TS_l_strat4 = [ 0 ];
subjinfo.TS_l_stratC = [ 0 ];
subjinfo.TS_l_stratCtxt = 'Es ist für mich komisch auf Signal ärgerlich zu schauen. Es war etwas körperlich anstrengend. Das Lächeln kam fast automatisch.';
subjinfo.TS_l_gefuehl = [ 2 ];
subjinfo.TS_l_freu = [ 4 ];
subjinfo.TS_l_aerg = [ 2 ];
subjinfo.AN_inval_MaxAmp_Ts = [ NaN ];
subjinfo.AN_inval_MeanMaxAmpTime_Ts = [ NaN ];
subjinfo.AN_inval_MeanMaxAmp_Ts = [ NaN ];
subjinfo.AN_inval_SdMaxAmp_Ts = [ NaN ];
subjinfo.AN_inval_Threshold_Ts = [ NaN ];
subjinfo.AN_inval_cleanMaxAmp_Ts = [ NaN ];
subjinfo.AN_inval_cleanMeanMaxAmpTime_Ts = [ NaN ];
subjinfo.AN_inval_cleanMeanMaxAmp_Ts = [ NaN ];
subjinfo.AN_inval_cleanSdMaxAmp_Ts = [ NaN ];
subjinfo.AN_inval_cleanThreshold_Ts = [ NaN ];
subjinfo.AN_inval_errorTrials_Ts = [ NaN ];
subjinfo.AN_inval_meanRT_Ts = [ NaN ];
subjinfo.AN_inval_nCleanTrials_Ts = [ NaN ];
subjinfo.AN_inval_nErrorTrials_Ts = [ NaN ];
subjinfo.AN_inval_nFpTrials_Ts = [ NaN ];
subjinfo.AN_inval_nHitTrials_Ts = [ NaN ];
subjinfo.AN_inval_nOmissionTrials_Ts = [ NaN ];
subjinfo.AN_inval_propFP_Ts = [ NaN ];
subjinfo.AN_inval_propHit_Ts = [ NaN ];
subjinfo.AN_inval_propOm_Ts = [ NaN ];
subjinfo.AN_inval_sdRT_Ts = [ NaN ];
subjinfo.AN_meanRT_Ts = [ NaN ];
subjinfo.AN_sdRT_Ts = [ NaN ];
subjinfo.AN_val_MaxAmp_Ts = [ NaN ];
subjinfo.AN_val_MeanMaxAmpTime_Ts = [ NaN ];
subjinfo.AN_val_MeanMaxAmp_Ts = [ NaN ];
subjinfo.AN_val_SdMaxAmp_Ts = [ NaN ];
subjinfo.AN_val_Threshold_Ts = [ NaN ];
subjinfo.AN_val_cleanMaxAmp_Ts = [ NaN ];
subjinfo.AN_val_cleanMeanMaxAmpTime_Ts = [ NaN ];
subjinfo.AN_val_cleanMeanMaxAmp_Ts = [ NaN ];
subjinfo.AN_val_cleanSdMaxAmp_Ts = [ NaN ];
