subjinfo.allFp_Ts = [ 28   52  108  129  162    9 ];
subjinfo.allOmissions_Ts = [ 133  316   31 ];
subjinfo.allHits_Ts = [ 2   14   15   20   24   25   29   33   34   38   41   44   47   48   53   54   59   60   65   69   81   82   87   88   94   95  105  109  110  115  117  121  122  139  140  143  144  148  149  152  157  158  163  170  175  176  179  185  191  192  197  198  201  202  206  209  214  219  224  231  244  245  249  257  258  262  263  268  271  272  277  278  282  286  287  292  293  306  311  312  317  318  322  323  328  335  336  343  344  347    1    4    7   10   13   19   23   32   37   40   43   46   58   64   68   72   75   78   80   86   90   93   98  102  114  116  120  125  136  138  142  147  151  156  166  169  174  178  181  184  187  190  196  200  205  208  213  218  223  227  230  234  236  239  243  248  253  256  261  265  267  270  276  281  285  291  295  299  303  305  308  310  321  327  330  334  340  342  346  351  354    6   12   17   18   22   27   36   50   51   56   57   62   63   67   71   74   77   84   85   92   97  100  101  104  107  112  113  119  124  127  128  131  132  135  146  154  155  160  161  165  168  172  173  183  189  194  195  204  211  212  216  217  221  222  226  229  233  238  241  242  247  251  252  255  260  274  275  280  284  289  290  297  298  301  302  314  315  320  325  326  332  333  338  339  349  350  353    3    5    8   11   16   21   26   30   35   39   42   45   49   55   61   66   70   73   76   79   83   89   91   96   99  103  106  111  118  123  126  130  134  137  141  145  150  153  159  164  167  171  177  180  182  186  188  193  199  203  207  210  215  220  225  228  232  235  237  240  246  250  254  259  264  266  269  273  279  283  288  294  296  300  304  307  309  313  319  324  329  331  337  341  345  348  352  355  356  357 ];
subjinfo.nFP_Ts = [ 6 ];
subjinfo.nOmissions_Ts = [ 3 ];
subjinfo.nHits_Ts = [ 348 ];
subjinfo.AN_meanRT_Ts = [ 0.61915 ];
subjinfo.AN_sdRT_Ts = [ 0.23041 ];
subjinfo.HA_meanRT_Ts = [ 0.59468 ];
subjinfo.HA_sdRT_Ts = [ 0.21304 ];
subjinfo.val_meanRT_Ts = [ 0.59705 ];
subjinfo.val_sdRT_Ts = [ 0.22404 ];
subjinfo.inval_meanRT_Ts = [ 0.63837 ];
subjinfo.inval_sdRT_Ts = [ 0.23314 ];
subjinfo.AN_val_1_nOmissionTrials_Ts_fine = [ 0 ];
subjinfo.AN_val_1_nFpTrials_Ts_fine = [ 0 ];
subjinfo.AN_val_1_nHitTrials_Ts_fine = [ 56 ];
subjinfo.AN_val_2_nOmissionTrials_Ts_fine = [ 0 ];
subjinfo.AN_val_2_nFpTrials_Ts_fine = [ 0 ];
subjinfo.AN_val_2_nHitTrials_Ts_fine = [ 31 ];
subjinfo.AN_inval_1_nOmissionTrials_Ts_fine = [ 0 ];
subjinfo.AN_inval_1_nFpTrials_Ts_fine = [ 0 ];
subjinfo.AN_inval_1_nHitTrials_Ts_fine = [ 20 ];
subjinfo.AN_inval_2_nOmissionTrials_Ts_fine = [ 0 ];
subjinfo.AN_inval_2_nFpTrials_Ts_fine = [ 1 ];
subjinfo.AN_inval_2_nHitTrials_Ts_fine = [ 33 ];
subjinfo.AN_inval_3_nOmissionTrials_Ts_fine = [ 4 ];
subjinfo.AN_inval_3_nFpTrials_Ts_fine = [ 2 ];
subjinfo.AN_inval_3_nHitTrials_Ts_fine = [ 29 ];
subjinfo.HA_val_1_nOmissionTrials_Ts_fine = [ 4 ];
subjinfo.HA_val_1_nFpTrials_Ts_fine = [ 3 ];
subjinfo.HA_val_1_nHitTrials_Ts_fine = [ 54 ];
subjinfo.HA_val_2_nOmissionTrials_Ts_fine = [ 1 ];
subjinfo.HA_val_2_nFpTrials_Ts_fine = [ 0 ];
subjinfo.HA_val_2_nHitTrials_Ts_fine = [ 26 ];
subjinfo.HA_inval_1_nOmissionTrials_Ts_fine = [ 0 ];
subjinfo.HA_inval_1_nFpTrials_Ts_fine = [ 0 ];
subjinfo.HA_inval_1_nHitTrials_Ts_fine = [ 21 ];
subjinfo.HA_inval_2_nOmissionTrials_Ts_fine = [ 5 ];
subjinfo.HA_inval_2_nFpTrials_Ts_fine = [ 0 ];
subjinfo.HA_inval_2_nHitTrials_Ts_fine = [ 21 ];
subjinfo.HA_inval_3_nOmissionTrials_Ts_fine = [ 2 ];
subjinfo.HA_inval_3_nFpTrials_Ts_fine = [ 1 ];
subjinfo.HA_inval_3_nHitTrials_Ts_fine = [ 38 ];
subjinfo.AN_val_1_meanRT_Ts_fine = [ 0.60658 ];
subjinfo.AN_val_1_sdRT_Ts_fine = [ 0.14483 ];
subjinfo.AN_val_2_meanRT_Ts_fine = [ 0.6182 ];
subjinfo.AN_val_2_sdRT_Ts_fine = [ 0.29492 ];
subjinfo.AN_inval_1_meanRT_Ts_fine = [ 0.66875 ];
subjinfo.AN_inval_1_sdRT_Ts_fine = [ 0.32832 ];
subjinfo.AN_inval_2_meanRT_Ts_fine = [ 0.61174 ];
subjinfo.AN_inval_2_sdRT_Ts_fine = [ 0.14761 ];
subjinfo.AN_inval_3_meanRT_Ts_fine = [ 0.63658 ];
subjinfo.AN_inval_3_sdRT_Ts_fine = [ 0.24369 ];
subjinfo.HA_val_1_meanRT_Ts_fine = [ 0.86603 ];
subjinfo.HA_val_1_sdRT_Ts_fine = [ 0.33442 ];
subjinfo.HA_val_2_meanRT_Ts_fine = [ 0.81941 ];
subjinfo.HA_val_2_sdRT_Ts_fine = [ 0.28567 ];
subjinfo.HA_inval_1_meanRT_Ts_fine = [ 0.79836 ];
subjinfo.HA_inval_1_sdRT_Ts_fine = [ 0.48082 ];
subjinfo.HA_inval_2_meanRT_Ts_fine = [ 0.70722 ];
subjinfo.HA_inval_2_sdRT_Ts_fine = [ 0.23983 ];
subjinfo.HA_inval_3_meanRT_Ts_fine = [ 0.74424 ];
subjinfo.HA_inval_3_sdRT_Ts_fine = [ 0.27388 ];
subjinfo.AN_val_1_propHit_Ts_fine = [ 1 ];
subjinfo.AN_val_1_propOm_Ts_fine = [ 0 ];
subjinfo.AN_val_1_propFP_Ts_fine = [ 0 ];
subjinfo.AN_val_2_propHit_Ts_fine = [ 1 ];
subjinfo.AN_val_2_propOm_Ts_fine = [ 0 ];
subjinfo.AN_val_2_propFP_Ts_fine = [ 0 ];
subjinfo.AN_inval_1_propHit_Ts_fine = [ 1 ];
subjinfo.AN_inval_1_propOm_Ts_fine = [ 0 ];
subjinfo.AN_inval_1_propFP_Ts_fine = [ 0 ];
subjinfo.AN_inval_2_propHit_Ts_fine = [ 0.97059 ];
subjinfo.AN_inval_2_propOm_Ts_fine = [ 0 ];
subjinfo.AN_inval_2_propFP_Ts_fine = [ 0.029412 ];
subjinfo.AN_inval_3_propHit_Ts_fine = [ 0.82857 ];
subjinfo.AN_inval_3_propOm_Ts_fine = [ 0.11429 ];
subjinfo.AN_inval_3_propFP_Ts_fine = [ 0.057143 ];
subjinfo.HA_val_1_propHit_Ts_fine = [ 0.88525 ];
subjinfo.HA_val_1_propOm_Ts_fine = [ 0.065574 ];
subjinfo.HA_val_1_propFP_Ts_fine = [ 0.04918 ];
subjinfo.HA_val_2_propHit_Ts_fine = [ 0.96296 ];
subjinfo.HA_val_2_propOm_Ts_fine = [ 0.037037 ];
subjinfo.HA_val_2_propFP_Ts_fine = [ 0 ];
subjinfo.HA_inval_1_propHit_Ts_fine = [ 1 ];
subjinfo.HA_inval_1_propOm_Ts_fine = [ 0 ];
subjinfo.HA_inval_1_propFP_Ts_fine = [ 0 ];
subjinfo.HA_inval_2_propHit_Ts_fine = [ 0.80769 ];
subjinfo.HA_inval_2_propOm_Ts_fine = [ 0.19231 ];
subjinfo.HA_inval_2_propFP_Ts_fine = [ 0 ];
subjinfo.HA_inval_3_propHit_Ts_fine = [ 0.92683 ];
subjinfo.HA_inval_3_propOm_Ts_fine = [ 0.04878 ];
subjinfo.HA_inval_3_propFP_Ts_fine = [ 0.02439 ];
subjinfo.allFp_Ts_fine = [ 111   54  133    6    9   94  181 ];
subjinfo.allOmissions_Ts_fine = [ 29  137  166  320   32   76  305  353  354    3   21   31  333  352  163  203 ];
subjinfo.allHits_Ts_fine = [ 14   20   24   34   39   42   45   55   61   67   71   83   89   96  108  112  118  121  125  143  147  152  156  161  167  174  179  183  189  195  201  205  210  213  218  223  228  235  248  253  261  266  272  275  281  286  290  296  310  315  321  326  332  339  347  351   15   25   35   46   56   62   84   90   97  113  126  144  148  153  162  180  196  202  206  249  262  267  276  282  291  297  316  322  327  340  348    1    4   41   44   48   92  120  146  155  182  185  191  204  212  269  274  299  312  334  350    7   10   13   23   33   38   70   74   77   80   95  100  107  124  129  140  151  170  173  188  194  209  231  234  238  243  252  260  265  285  289  325  358   19   60   66   82   88  104  117  142  160  178  200  217  222  227  240  247  257  271  280  295  303  307  309  314  331  338  344  346  355   12   22   27   37   52   58   64   69   73   79   86   99  102  106  110  115  123  128  131  135  139  150  158  164  169  172  176  187  193  198  208  215  220  225  230  233  237  242  245  251  255  259  264  278  284  288  293  301  318  324  329  336  342  357   18   28   53   59   65  103  116  132  136  159  165  177  199  216  221  226  246  256  279  294  302  306  319  330  337  343    8   11   75   78   81  101  105  130  134  138  141  171  232  239  244  258  304  308  345  356  359   40   43   68   72  119  122  157  168  175  184  190  211  214  219  224  229  236  254  273  287  311    5   16   26   36   47   51   57   63   85   91   93   98  114  127  145  149  154  186  192  197  207  241  250  263  268  270  277  283  292  298  300  313  317  323  328  335  341  349 ];
subjinfo.nFP_Ts_fine = [ 7 ];
subjinfo.nOmissions_Ts_fine = [ 16 ];
