subjinfo.allFp_Ts = [ 57 ];
subjinfo.allOmissions_Ts = [  ];
subjinfo.allHits_Ts = [ 3    7   11   12   16   17   22   30   36   37   41   45   50   51   56   61   62   69   73   74   77   81   82   87   88   91   95  102  108  119  120  125  126  129  130  139  140  145  152  155  159  160  163  166  176  177  184  185  190  194  199  200  204  210  213  224  225  230  231  234  235  238  243  244  248  251  254  259  264  280  283  288  291  292  295  299  300  307  308  312  315  321  322  329  334  337  338  342  343    2    6   10   15   20   26   29   33   35   40   42   44   49   55   60   65   68   72   76   80   86   90   94   98  101  105  107  112  114  118  122  124  128  134  138  144  147  151  154  158  162  165  168  172  175  181  183  189  193  198  203  206  209  212  217  220  223  229  233  237  242  247  250  253  258  263  266  269  273  277  279  282  287  290  298  304  306  311  314  318  320  326  328  333  336  341  347    1    5    9   14   19   24   25   28   32   39   47   48   53   54   59   64   67   71   75   79   84   85   93   96   97  100  104  110  111  116  117  132  133  136  137  142  143  149  150  157  170  171  173  174  179  180  187  188  192  196  197  202  208  215  216  219  222  227  228  240  241  246  256  257  261  262  268  271  272  275  276  285  286  294  297  302  303  305  310  317  324  325  331  332  340  345  346  349  350    4    8   13   18   21   23   27   31   34   38   43   46   52   58   63   66   70   78   83   89   92   99  103  106  109  113  115  121  123  127  131  135  141  146  148  153  156  161  164  167  169  178  182  186  191  195  201  205  207  211  214  218  221  226  232  236  239  245  249  252  255  260  265  267  270  274  278  281  284  289  293  296  301  309  313  316  319  323  327  330  335  339  344  348 ];
subjinfo.nFP_Ts = [ 1 ];
subjinfo.nOmissions_Ts = [ 0 ];
subjinfo.nHits_Ts = [ 349 ];
subjinfo.AN_meanRT_Ts = [ 0.55571 ];
subjinfo.AN_sdRT_Ts = [ 0.10224 ];
subjinfo.HA_meanRT_Ts = [ 0.37794 ];
subjinfo.HA_sdRT_Ts = [ 0.096545 ];
subjinfo.val_meanRT_Ts = [ 0.55451 ];
subjinfo.val_sdRT_Ts = [ 0.12253 ];
subjinfo.inval_meanRT_Ts = [ 0.56797 ];
subjinfo.inval_sdRT_Ts = [ 0.082048 ];
subjinfo.AN_val_1_nOmissionTrials_Ts_fine = [ 0 ];
subjinfo.AN_val_1_nFpTrials_Ts_fine = [ 0 ];
subjinfo.AN_val_1_nHitTrials_Ts_fine = [ 62 ];
subjinfo.AN_val_2_nOmissionTrials_Ts_fine = [ 0 ];
subjinfo.AN_val_2_nFpTrials_Ts_fine = [ 1 ];
subjinfo.AN_val_2_nHitTrials_Ts_fine = [ 26 ];
subjinfo.AN_inval_1_nOmissionTrials_Ts_fine = [ 0 ];
subjinfo.AN_inval_1_nFpTrials_Ts_fine = [ 0 ];
subjinfo.AN_inval_1_nHitTrials_Ts_fine = [ 21 ];
subjinfo.AN_inval_2_nOmissionTrials_Ts_fine = [ 0 ];
subjinfo.AN_inval_2_nFpTrials_Ts_fine = [ 0 ];
subjinfo.AN_inval_2_nHitTrials_Ts_fine = [ 30 ];
subjinfo.AN_inval_3_nOmissionTrials_Ts_fine = [ 0 ];
subjinfo.AN_inval_3_nFpTrials_Ts_fine = [ 0 ];
subjinfo.AN_inval_3_nHitTrials_Ts_fine = [ 38 ];
subjinfo.HA_val_1_nOmissionTrials_Ts_fine = [ 0 ];
subjinfo.HA_val_1_nFpTrials_Ts_fine = [ 0 ];
subjinfo.HA_val_1_nHitTrials_Ts_fine = [ 60 ];
subjinfo.HA_val_2_nOmissionTrials_Ts_fine = [ 0 ];
subjinfo.HA_val_2_nFpTrials_Ts_fine = [ 0 ];
subjinfo.HA_val_2_nHitTrials_Ts_fine = [ 30 ];
subjinfo.HA_inval_1_nOmissionTrials_Ts_fine = [ 0 ];
subjinfo.HA_inval_1_nFpTrials_Ts_fine = [ 0 ];
subjinfo.HA_inval_1_nHitTrials_Ts_fine = [ 16 ];
subjinfo.HA_inval_2_nOmissionTrials_Ts_fine = [ 0 ];
subjinfo.HA_inval_2_nFpTrials_Ts_fine = [ 0 ];
subjinfo.HA_inval_2_nHitTrials_Ts_fine = [ 37 ];
subjinfo.HA_inval_3_nOmissionTrials_Ts_fine = [ 0 ];
subjinfo.HA_inval_3_nFpTrials_Ts_fine = [ 0 ];
subjinfo.HA_inval_3_nHitTrials_Ts_fine = [ 34 ];
subjinfo.AN_val_1_meanRT_Ts_fine = [ 0.53856 ];
subjinfo.AN_val_1_sdRT_Ts_fine = [ 0.10764 ];
subjinfo.AN_val_2_meanRT_Ts_fine = [ 0.57392 ];
subjinfo.AN_val_2_sdRT_Ts_fine = [ 0.14893 ];
subjinfo.AN_inval_1_meanRT_Ts_fine = [ 0.53237 ];
subjinfo.AN_inval_1_sdRT_Ts_fine = [ 0.068745 ];
subjinfo.AN_inval_2_meanRT_Ts_fine = [ 0.57448 ];
subjinfo.AN_inval_2_sdRT_Ts_fine = [ 0.085427 ];
subjinfo.AN_inval_3_meanRT_Ts_fine = [ 0.53865 ];
subjinfo.AN_inval_3_sdRT_Ts_fine = [ 0.068082 ];
subjinfo.HA_val_1_meanRT_Ts_fine = [ 0.36771 ];
subjinfo.HA_val_1_sdRT_Ts_fine = [ 0.096167 ];
subjinfo.HA_val_2_meanRT_Ts_fine = [ 0.38672 ];
subjinfo.HA_val_2_sdRT_Ts_fine = [ 0.10356 ];
subjinfo.HA_inval_1_meanRT_Ts_fine = [ 0.41699 ];
subjinfo.HA_inval_1_sdRT_Ts_fine = [ 0.060842 ];
subjinfo.HA_inval_2_meanRT_Ts_fine = [ 0.44679 ];
subjinfo.HA_inval_2_sdRT_Ts_fine = [ 0.10112 ];
subjinfo.HA_inval_3_meanRT_Ts_fine = [ 0.44853 ];
subjinfo.HA_inval_3_sdRT_Ts_fine = [ 0.093969 ];
subjinfo.AN_val_1_propHit_Ts_fine = [ 1 ];
subjinfo.AN_val_1_propOm_Ts_fine = [ 0 ];
subjinfo.AN_val_1_propFP_Ts_fine = [ 0 ];
subjinfo.AN_val_2_propHit_Ts_fine = [ 0.96296 ];
subjinfo.AN_val_2_propOm_Ts_fine = [ 0 ];
subjinfo.AN_val_2_propFP_Ts_fine = [ 0.037037 ];
subjinfo.AN_inval_1_propHit_Ts_fine = [ 1 ];
subjinfo.AN_inval_1_propOm_Ts_fine = [ 0 ];
subjinfo.AN_inval_1_propFP_Ts_fine = [ 0 ];
subjinfo.AN_inval_2_propHit_Ts_fine = [ 1 ];
subjinfo.AN_inval_2_propOm_Ts_fine = [ 0 ];
subjinfo.AN_inval_2_propFP_Ts_fine = [ 0 ];
subjinfo.AN_inval_3_propHit_Ts_fine = [ 1 ];
subjinfo.AN_inval_3_propOm_Ts_fine = [ 0 ];
subjinfo.AN_inval_3_propFP_Ts_fine = [ 0 ];
subjinfo.HA_val_1_propHit_Ts_fine = [ 1 ];
subjinfo.HA_val_1_propOm_Ts_fine = [ 0 ];
subjinfo.HA_val_1_propFP_Ts_fine = [ 0 ];
subjinfo.HA_val_2_propHit_Ts_fine = [ 1 ];
subjinfo.HA_val_2_propOm_Ts_fine = [ 0 ];
subjinfo.HA_val_2_propFP_Ts_fine = [ 0 ];
subjinfo.HA_inval_1_propHit_Ts_fine = [ 1 ];
subjinfo.HA_inval_1_propOm_Ts_fine = [ 0 ];
subjinfo.HA_inval_1_propFP_Ts_fine = [ 0 ];
subjinfo.HA_inval_2_propHit_Ts_fine = [ 1 ];
subjinfo.HA_inval_2_propOm_Ts_fine = [ 0 ];
subjinfo.HA_inval_2_propFP_Ts_fine = [ 0 ];
subjinfo.HA_inval_3_propHit_Ts_fine = [ 1 ];
subjinfo.HA_inval_3_propOm_Ts_fine = [ 0 ];
subjinfo.HA_inval_3_propFP_Ts_fine = [ 0 ];
subjinfo.allFp_Ts_fine = [ 60 ];
subjinfo.allOmissions_Ts_fine = [  ];
subjinfo.allHits_Ts_fine = [ 3    8   12   17   24   32   38   43   48   53   64   72   76   81   85   91   95   99  107  111  114  125  131  135  145  151  158  161  165  169  172  183  191  197  201  206  211  217  220  231  237  241  245  250  255  258  261  266  271  287  290  295  298  303  307  316  321  324  330  338  343  346   13   18   39   54   65   77   86   92  126  132  136  146  166  184  192  207  232  238  242  251  299  308  317  331  347  352   45   94  113  128  134  153  160  168  171  174  213  219  240  244  257  260  273  289  297  323  345    2   11   16   21   31   35   42   63   68   71   75   80   84   98  106  110  164  200  210  216  227  230  254  276  302  306  315  320  327  350    7   23   28   37   47   52   58   90  103  118  120  124  130  140  144  150  157  178  182  188  190  196  205  224  236  249  265  270  280  284  286  294  312  329  335  337  342  356    1    5   10   15   20   26   30   34   41   50   56   62   67   70   74   79   83   88   97  101  105  109  116  122  138  142  148  155  163  176  180  186  194  199  203  209  215  222  226  229  234  247  253  263  268  275  278  282  292  301  305  310  314  319  326  333  340  349  354  358    6   27   51   57   89  102  117  123  139  143  149  156  177  181  187  195  204  223  235  248  264  269  279  283  293  311  334  341  355  359   22   29   36   69  104  119  141  189  225  228  277  281  285  313  328  357    4    9   25   33   44   49   73   82   96  100  108  112  115  152  159  162  170  173  198  202  212  218  221  246  256  259  262  267  272  288  291  296  304  322  325  339  344   14   19   40   46   55   61   66   78   87   93  121  127  129  133  137  147  154  167  175  185  193  208  214  233  239  243  252  274  300  309  318  332  348  353 ];
subjinfo.nFP_Ts_fine = [ 1 ];
subjinfo.nOmissions_Ts_fine = [ 0 ];
subjinfo.nHits_Ts_fine = [ 354 ];
subjinfo.AN_meanRT_Ts_fine = [ 0.54913 ];
