subjinfo.allFp_Ts = [ 23  111  197  223  230  335  105 ];
subjinfo.allOmissions_Ts = [  ];
subjinfo.allHits_Ts = [ 1    9   14   17   21   24   25   29   32   33   37   38   41   42   48   54   58   64   65   70   75   78   79   83   90   96   97  100  104  116  120  128  129  131  134  135  141  142  146  147  150  151  156  160  163  172  173  180  184  185  193  194  200  203  208  209  214  215  226  227  231  238  246  249  250  253  254  257  265  270  271  278  279  285  288  292  293  296  300  307  308  311  315  318  326  327  330  333    4    8   13   19   20   28   36   40   45   47   50   53   57   61   63   69   74   77   82   86   89   92   95   99  102  108  115  119  127  133  140  145  149  155  159  166  169  171  176  179  183  188  192  199  202  205  207  213  219  225  235  237  241  245  252  256  260  264  269  274  277  282  284  287  291  295  299  304  306  310  314  317  322  325  329  332  334    3    6    7   11   12   16   27   31   35   44   46   52   56   60   67   68   72   73   81   85   88   94  106  107  110  113  114  118  122  123  125  126  137  138  144  148  153  154  158  162  165  168  175  178  182  187  190  191  196  211  212  217  218  221  222  229  233  234  240  243  244  248  255  259  262  263  267  268  273  276  281  290  297  298  302  303  312  313  320  321  324    2    5   10   15   18   22   26   30   34   39   43   49   51   55   59   62   66   71   76   80   84   87   91   93   98  101  103  109  112  117  121  124  130  132  136  139  143  152  157  161  164  167  170  174  177  181  186  189  195  198  201  204  206  210  216  220  224  228  232  236  239  242  247  251  258  261  266  272  275  280  283  286  289  294  301  305  309  316  319  323  328  331 ];
subjinfo.nFP_Ts = [ 7 ];
subjinfo.nOmissions_Ts = [ 0 ];
subjinfo.nHits_Ts = [ 328 ];
subjinfo.AN_meanRT_Ts = [ 0.59588 ];
subjinfo.AN_sdRT_Ts = [ 0.46798 ];
subjinfo.HA_meanRT_Ts = [ 0.47306 ];
subjinfo.HA_sdRT_Ts = [ 0.35962 ];
subjinfo.val_meanRT_Ts = [ 0.72852 ];
subjinfo.val_sdRT_Ts = [ 0.4986 ];
subjinfo.inval_meanRT_Ts = [ 0.42383 ];
subjinfo.inval_sdRT_Ts = [ 0.42874 ];
subjinfo.AN_val_1_nOmissionTrials_Ts_fine = [ 0 ];
subjinfo.AN_val_1_nFpTrials_Ts_fine = [ 0 ];
subjinfo.AN_val_1_nHitTrials_Ts_fine = [ 39 ];
subjinfo.AN_val_2_nOmissionTrials_Ts_fine = [ 0 ];
subjinfo.AN_val_2_nFpTrials_Ts_fine = [ 0 ];
subjinfo.AN_val_2_nHitTrials_Ts_fine = [ 15 ];
subjinfo.AN_inval_1_nOmissionTrials_Ts_fine = [ 0 ];
subjinfo.AN_inval_1_nFpTrials_Ts_fine = [ 2 ];
subjinfo.AN_inval_1_nHitTrials_Ts_fine = [ 5 ];
subjinfo.AN_inval_2_nOmissionTrials_Ts_fine = [ 0 ];
subjinfo.AN_inval_2_nFpTrials_Ts_fine = [ 3 ];
subjinfo.AN_inval_2_nHitTrials_Ts_fine = [ 12 ];
subjinfo.AN_inval_3_nOmissionTrials_Ts_fine = [ 0 ];
subjinfo.AN_inval_3_nFpTrials_Ts_fine = [ 0 ];
subjinfo.AN_inval_3_nHitTrials_Ts_fine = [ 7 ];
subjinfo.HA_val_1_nOmissionTrials_Ts_fine = [ 0 ];
subjinfo.HA_val_1_nFpTrials_Ts_fine = [ 3 ];
subjinfo.HA_val_1_nHitTrials_Ts_fine = [ 11 ];
subjinfo.HA_val_2_nOmissionTrials_Ts_fine = [ 0 ];
subjinfo.HA_val_2_nFpTrials_Ts_fine = [ 1 ];
subjinfo.HA_val_2_nHitTrials_Ts_fine = [ 4 ];
subjinfo.HA_inval_1_nOmissionTrials_Ts_fine = [ 0 ];
subjinfo.HA_inval_1_nFpTrials_Ts_fine = [ 2 ];
subjinfo.HA_inval_1_nHitTrials_Ts_fine = [ 18 ];
subjinfo.HA_inval_2_nOmissionTrials_Ts_fine = [ 0 ];
subjinfo.HA_inval_2_nFpTrials_Ts_fine = [ 5 ];
subjinfo.HA_inval_2_nHitTrials_Ts_fine = [ 25 ];
subjinfo.HA_inval_3_nOmissionTrials_Ts_fine = [ 0 ];
subjinfo.HA_inval_3_nFpTrials_Ts_fine = [ 3 ];
subjinfo.HA_inval_3_nHitTrials_Ts_fine = [ 16 ];
subjinfo.AN_val_1_meanRT_Ts_fine = [ 0.75 ];
subjinfo.AN_val_1_sdRT_Ts_fine = [ 0.46799 ];
subjinfo.AN_val_2_meanRT_Ts_fine = [ 0.80312 ];
subjinfo.AN_val_2_sdRT_Ts_fine = [ 0.31846 ];
subjinfo.AN_inval_1_meanRT_Ts_fine = [ 0.93594 ];
subjinfo.AN_inval_1_sdRT_Ts_fine = [ 0.7155 ];
subjinfo.AN_inval_2_meanRT_Ts_fine = [ 0.80599 ];
subjinfo.AN_inval_2_sdRT_Ts_fine = [ 0.45613 ];
subjinfo.AN_inval_3_meanRT_Ts_fine = [ 0.67746 ];
subjinfo.AN_inval_3_sdRT_Ts_fine = [ 0.28394 ];
subjinfo.HA_val_1_meanRT_Ts_fine = [ 1.1236 ];
subjinfo.HA_val_1_sdRT_Ts_fine = [ 0.74369 ];
subjinfo.HA_val_2_meanRT_Ts_fine = [ 1.2969 ];
subjinfo.HA_val_2_sdRT_Ts_fine = [ 0.88744 ];
subjinfo.HA_inval_1_meanRT_Ts_fine = [ 1.2313 ];
subjinfo.HA_inval_1_sdRT_Ts_fine = [ 0.71133 ];
subjinfo.HA_inval_2_meanRT_Ts_fine = [ 1.4013 ];
subjinfo.HA_inval_2_sdRT_Ts_fine = [ 0.63272 ];
subjinfo.HA_inval_3_meanRT_Ts_fine = [ 0.99756 ];
subjinfo.HA_inval_3_sdRT_Ts_fine = [ 0.71833 ];
subjinfo.AN_val_1_propHit_Ts_fine = [ 1 ];
subjinfo.AN_val_1_propOm_Ts_fine = [ 0 ];
subjinfo.AN_val_1_propFP_Ts_fine = [ 0 ];
subjinfo.AN_val_2_propHit_Ts_fine = [ 1 ];
subjinfo.AN_val_2_propOm_Ts_fine = [ 0 ];
subjinfo.AN_val_2_propFP_Ts_fine = [ 0 ];
subjinfo.AN_inval_1_propHit_Ts_fine = [ 0.71429 ];
subjinfo.AN_inval_1_propOm_Ts_fine = [ 0 ];
subjinfo.AN_inval_1_propFP_Ts_fine = [ 0.28571 ];
subjinfo.AN_inval_2_propHit_Ts_fine = [ 0.8 ];
subjinfo.AN_inval_2_propOm_Ts_fine = [ 0 ];
subjinfo.AN_inval_2_propFP_Ts_fine = [ 0.2 ];
subjinfo.AN_inval_3_propHit_Ts_fine = [ 1 ];
subjinfo.AN_inval_3_propOm_Ts_fine = [ 0 ];
subjinfo.AN_inval_3_propFP_Ts_fine = [ 0 ];
subjinfo.HA_val_1_propHit_Ts_fine = [ 0.78571 ];
subjinfo.HA_val_1_propOm_Ts_fine = [ 0 ];
subjinfo.HA_val_1_propFP_Ts_fine = [ 0.21429 ];
subjinfo.HA_val_2_propHit_Ts_fine = [ 0.8 ];
subjinfo.HA_val_2_propOm_Ts_fine = [ 0 ];
subjinfo.HA_val_2_propFP_Ts_fine = [ 0.2 ];
subjinfo.HA_inval_1_propHit_Ts_fine = [ 0.9 ];
subjinfo.HA_inval_1_propOm_Ts_fine = [ 0 ];
subjinfo.HA_inval_1_propFP_Ts_fine = [ 0.1 ];
subjinfo.HA_inval_2_propHit_Ts_fine = [ 0.83333 ];
subjinfo.HA_inval_2_propOm_Ts_fine = [ 0 ];
subjinfo.HA_inval_2_propFP_Ts_fine = [ 0.16667 ];
subjinfo.HA_inval_3_propHit_Ts_fine = [ 0.84211 ];
subjinfo.HA_inval_3_propOm_Ts_fine = [ 0 ];
subjinfo.HA_inval_3_propFP_Ts_fine = [ 0.15789 ];
subjinfo.allFp_Ts_fine = [ 26  101  123  216  250    3  237  284  264  208  262   65   77  117  280  342   29  214  230 ];
subjinfo.allOmissions_Ts_fine = [  ];
subjinfo.allHits_Ts_fine = [ 1   32   36   45   60   64   70   76   90  105  110  116  128  133  143  147  150  158  168  174  178  182  191  219  223  228  234  246  251  258  274  287  301  311  315  319  341  344  359   37   42   71   86   91  106  134  159  164  192  229  235  293  316  333  112  273  343  355  358   84   94  104  109  115  162  167  177  261  278  305  314  120  157  173  227  233  239  265  125  161  171  176  184  206  209  241  249  263  346    4   13  172  238   51   68   95  121  124  139  156  186  189  196  217  240  244  256  298  306  329  349    2   11   20   25   33   55   61   82  100  129  148  183  200  220  224  252  259  267  288  309  312  320  325  337  345   38   43   72   87   92  102  107  113  135  145  205  226  236  248  272  334 ];
subjinfo.nFP_Ts_fine = [ 19 ];
subjinfo.nOmissions_Ts_fine = [ 0 ];
subjinfo.nHits_Ts_fine = [ 152 ];
subjinfo.AN_meanRT_Ts_fine = [ 0.77424 ];
subjinfo.AN_sdRT_Ts_fine = [ 0.43851 ];
subjinfo.HA_meanRT_Ts_fine = [ 1.2257 ];
subjinfo.HA_sdRT_Ts_fine = [ 0.69816 ];
subjinfo.val_meanRT_Ts_fine = [ 0.76476 ];
subjinfo.val_sdRT_Ts_fine = [ 0.42941 ];
subjinfo.inval_meanRT_Ts_fine = [ 0.84421 ];
subjinfo.inval_sdRT_Ts_fine = [ 0.52416 ];
subjinfo.emg_data = 'yes';
subjinfo.emg_data = 'yes';
subjinfo.AN_val_nOmissionTrials_Rp = [ 2 ];
subjinfo.AN_val_nFpTrials_Rp = [ 0 ];
subjinfo.AN_val_nHitTrials_Rp = [ 74 ];
subjinfo.AN_inval_nOmissionTrials_Rp = [ 1 ];
subjinfo.AN_inval_nFpTrials_Rp = [ 0 ];
subjinfo.AN_inval_nHitTrials_Rp = [ 16 ];
subjinfo.HA_val_nOmissionTrials_Rp = [ 0 ];
subjinfo.HA_val_nFpTrials_Rp = [ 0 ];
subjinfo.HA_val_nHitTrials_Rp = [ 74 ];
subjinfo.HA_inval_nOmissionTrials_Rp = [ 1 ];
subjinfo.HA_inval_nFpTrials_Rp = [ 0 ];
subjinfo.HA_inval_nHitTrials_Rp = [ 16 ];
subjinfo.allFp_Rp = [  ];
subjinfo.allOmissions_Rp = [ 130  181  191  165 ];
