subjinfo.allFp_Ts = [ 7    8   11   50  113  171  303  112  281  310 ];
subjinfo.allOmissions_Ts = [  ];
subjinfo.allHits_Ts = [ 1    2   16   27   31   32   35   39   42   53   54   62   66   71   74   75   78   85   93   97  101  104  105  108  120  124  125  132  137  141  142  145  148  149  157  158  163  164  168  175  178  179  186  190  195  201  202  205  207  208  213  217  218  225  226  229  235  243  244  257  258  263  264  272  273  277  278  290  293  294  299    6   10   13   15   19   21   26   30   34   38   41   46   57   60   65   69   73   77   79   82   84   88   92   96   99  100  103  107  119  123  127  131  136  140  144  147  153  156  162  167  170  173  174  177  183  185  189  194  204  212  216  221  224  228  232  234  238  240  242  247  253  256  260  262  268  271  276  285  289  292  296  298  302  307  309    4    5   14   18   23   24   25   29   36   37   44   45   48   49   51   52   56   59   64   68   81   83   87   90   91   95  110  111  115  117  118  122  129  130  134  135  139  151  152  155  160  161  166  181  182  188  192  193  197  199  200  210  211  215  220  223  231  233  237  239  246  249  250  252  255  259  266  267  270  275  280  283  284  287  288  291  301  305  306    3    9   12   17   20   22   28   33   40   43   47   55   58   61   63   67   70   72   76   80   86   89   94   98  102  106  109  114  116  121  126  128  133  138  143  146  150  154  159  165  169  172  176  180  184  187  191  196  198  203  206  209  214  219  222  227  230  236  241  245  248  251  254  261  265  269  274  279  282  286  295  297  300  304  308 ];
subjinfo.nFP_Ts = [ 10 ];
subjinfo.nOmissions_Ts = [ 0 ];
subjinfo.nHits_Ts = [ 300 ];
subjinfo.AN_meanRT_Ts = [ 0.6882 ];
subjinfo.AN_sdRT_Ts = [ 0.26771 ];
subjinfo.HA_meanRT_Ts = [ 0.33716 ];
subjinfo.HA_sdRT_Ts = [ 0.20304 ];
subjinfo.val_meanRT_Ts = [ 0.74142 ];
subjinfo.val_sdRT_Ts = [ 0.35242 ];
subjinfo.inval_meanRT_Ts = [ 0.63497 ];
subjinfo.inval_sdRT_Ts = [ 0.13474 ];
subjinfo.AN_val_1_nOmissionTrials_Ts_fine = [ 0 ];
subjinfo.AN_val_1_nFpTrials_Ts_fine = [ 8 ];
subjinfo.AN_val_1_nHitTrials_Ts_fine = [ 50 ];
subjinfo.AN_val_2_nOmissionTrials_Ts_fine = [ 0 ];
subjinfo.AN_val_2_nFpTrials_Ts_fine = [ 0 ];
subjinfo.AN_val_2_nHitTrials_Ts_fine = [ 19 ];
subjinfo.AN_inval_1_nOmissionTrials_Ts_fine = [ 0 ];
subjinfo.AN_inval_1_nFpTrials_Ts_fine = [ 0 ];
subjinfo.AN_inval_1_nHitTrials_Ts_fine = [ 18 ];
subjinfo.AN_inval_2_nOmissionTrials_Ts_fine = [ 0 ];
subjinfo.AN_inval_2_nFpTrials_Ts_fine = [ 1 ];
subjinfo.AN_inval_2_nHitTrials_Ts_fine = [ 29 ];
subjinfo.AN_inval_3_nOmissionTrials_Ts_fine = [ 0 ];
subjinfo.AN_inval_3_nFpTrials_Ts_fine = [ 1 ];
subjinfo.AN_inval_3_nHitTrials_Ts_fine = [ 32 ];
subjinfo.HA_val_1_nOmissionTrials_Ts_fine = [ 2 ];
subjinfo.HA_val_1_nFpTrials_Ts_fine = [ 0 ];
subjinfo.HA_val_1_nHitTrials_Ts_fine = [ 55 ];
subjinfo.HA_val_2_nOmissionTrials_Ts_fine = [ 1 ];
subjinfo.HA_val_2_nFpTrials_Ts_fine = [ 0 ];
subjinfo.HA_val_2_nHitTrials_Ts_fine = [ 24 ];
subjinfo.HA_inval_1_nOmissionTrials_Ts_fine = [ 1 ];
subjinfo.HA_inval_1_nFpTrials_Ts_fine = [ 0 ];
subjinfo.HA_inval_1_nHitTrials_Ts_fine = [ 15 ];
subjinfo.HA_inval_2_nOmissionTrials_Ts_fine = [ 1 ];
subjinfo.HA_inval_2_nFpTrials_Ts_fine = [ 0 ];
subjinfo.HA_inval_2_nHitTrials_Ts_fine = [ 34 ];
subjinfo.HA_inval_3_nOmissionTrials_Ts_fine = [ 1 ];
subjinfo.HA_inval_3_nFpTrials_Ts_fine = [ 0 ];
subjinfo.HA_inval_3_nHitTrials_Ts_fine = [ 26 ];
subjinfo.AN_val_1_meanRT_Ts_fine = [ 0.72938 ];
subjinfo.AN_val_1_sdRT_Ts_fine = [ 0.25728 ];
subjinfo.AN_val_2_meanRT_Ts_fine = [ 0.70395 ];
subjinfo.AN_val_2_sdRT_Ts_fine = [ 0.46048 ];
subjinfo.AN_inval_1_meanRT_Ts_fine = [ 0.68273 ];
subjinfo.AN_inval_1_sdRT_Ts_fine = [ 0.15445 ];
subjinfo.AN_inval_2_meanRT_Ts_fine = [ 0.62042 ];
subjinfo.AN_inval_2_sdRT_Ts_fine = [ 0.14867 ];
subjinfo.AN_inval_3_meanRT_Ts_fine = [ 0.62476 ];
subjinfo.AN_inval_3_sdRT_Ts_fine = [ 0.11081 ];
subjinfo.HA_val_1_meanRT_Ts_fine = [ 0.72287 ];
subjinfo.HA_val_1_sdRT_Ts_fine = [ 0.40375 ];
subjinfo.HA_val_2_meanRT_Ts_fine = [ 0.5599 ];
subjinfo.HA_val_2_sdRT_Ts_fine = [ 0.30133 ];
subjinfo.HA_inval_1_meanRT_Ts_fine = [ 0.53021 ];
subjinfo.HA_inval_1_sdRT_Ts_fine = [ 0.14357 ];
subjinfo.HA_inval_2_meanRT_Ts_fine = [ 0.56342 ];
subjinfo.HA_inval_2_sdRT_Ts_fine = [ 0.29631 ];
subjinfo.HA_inval_3_meanRT_Ts_fine = [ 0.72145 ];
subjinfo.HA_inval_3_sdRT_Ts_fine = [ 0.57596 ];
subjinfo.AN_val_1_propHit_Ts_fine = [ 0.86207 ];
subjinfo.AN_val_1_propOm_Ts_fine = [ 0 ];
subjinfo.AN_val_1_propFP_Ts_fine = [ 0.13793 ];
subjinfo.AN_val_2_propHit_Ts_fine = [ 1 ];
subjinfo.AN_val_2_propOm_Ts_fine = [ 0 ];
subjinfo.AN_val_2_propFP_Ts_fine = [ 0 ];
subjinfo.AN_inval_1_propHit_Ts_fine = [ 1 ];
subjinfo.AN_inval_1_propOm_Ts_fine = [ 0 ];
subjinfo.AN_inval_1_propFP_Ts_fine = [ 0 ];
subjinfo.AN_inval_2_propHit_Ts_fine = [ 0.96667 ];
subjinfo.AN_inval_2_propOm_Ts_fine = [ 0 ];
subjinfo.AN_inval_2_propFP_Ts_fine = [ 0.033333 ];
subjinfo.AN_inval_3_propHit_Ts_fine = [ 0.9697 ];
subjinfo.AN_inval_3_propOm_Ts_fine = [ 0 ];
subjinfo.AN_inval_3_propFP_Ts_fine = [ 0.030303 ];
subjinfo.HA_val_1_propHit_Ts_fine = [ 0.96491 ];
subjinfo.HA_val_1_propOm_Ts_fine = [ 0.035088 ];
subjinfo.HA_val_1_propFP_Ts_fine = [ 0 ];
subjinfo.HA_val_2_propHit_Ts_fine = [ 0.96 ];
subjinfo.HA_val_2_propOm_Ts_fine = [ 0.04 ];
subjinfo.HA_val_2_propFP_Ts_fine = [ 0 ];
subjinfo.HA_inval_1_propHit_Ts_fine = [ 0.9375 ];
subjinfo.HA_inval_1_propOm_Ts_fine = [ 0.0625 ];
subjinfo.HA_inval_1_propFP_Ts_fine = [ 0 ];
subjinfo.HA_inval_2_propHit_Ts_fine = [ 0.97143 ];
subjinfo.HA_inval_2_propOm_Ts_fine = [ 0.028571 ];
subjinfo.HA_inval_2_propFP_Ts_fine = [ 0 ];
subjinfo.HA_inval_3_propHit_Ts_fine = [ 0.96296 ];
subjinfo.HA_inval_3_propOm_Ts_fine = [ 0.037037 ];
subjinfo.HA_inval_3_propFP_Ts_fine = [ 0 ];
subjinfo.allFp_Ts_fine = [ 7   11   18   59   97  139  201  354  330  138 ];
subjinfo.allOmissions_Ts_fine = [ 43  324   82   84   42  170 ];
subjinfo.allHits_Ts_fine = [ 1   37   41   46   50   64   72   75   79   86   89   94  101  105  110  119  124  128  133  147  151  159  164  168  178  186  192  197  207  218  223  228  238  242  251  256  265  269  276  284  287  292  303  308  312  321  335  340  344  350    2   19   47   65  134  152  169  187  193  211  229  239  246  257  266  304  309  322  327   10   13   40   49   74   88   96  121  154  171  174  177  209  241  244  286  311  347   22   31   71   78   93  100  104  118  127  142  150  167  185  196  200  204  264  272  275  280  283  291  299  302  307  320  325  343  353    6   17   24   28   36   45   54   58   63   83   85  114  123  146  158  163  182  191  206  215  217  222  227  233  237  250  261  296  317  334  339  349    4   15   21   26   30   34   52   56   61   67   70   77   81   92   99  103  107  112  117  126  131  136  141  149  156  161  166  184  189  199  203  213  220  225  231  235  248  253  259  263  271  274  279  282  290  294  298  301  306  319  332  337  342  352  356    5   16   27   35   44   53   57  137  145  157  162  190  214  221  226  232  236  249  254  260  316  333  338  357   23   29   55   69  143  216  234  262  273  281  297  300  318  331  359   12   33   51   60   73   76   80   87   95  102  106  111  116  120  125  148  160  165  173  176  179  198  202  219  224  243  252  270  285  293  336  341  351  355    9   14   25   39   48   91  122  130  135  155  188  194  212  230  240  247  258  267  278  289  310  314  323  328  346  348 ];
subjinfo.nFP_Ts_fine = [ 10 ];
subjinfo.nOmissions_Ts_fine = [ 6 ];
subjinfo.nHits_Ts_fine = [ 302 ];
subjinfo.AN_meanRT_Ts_fine = [ 0.67647 ];
subjinfo.AN_sdRT_Ts_fine = [ 0.24463 ];
subjinfo.HA_meanRT_Ts_fine = [ 0.64326 ];
subjinfo.HA_sdRT_Ts_fine = [ 0.39152 ];
subjinfo.val_meanRT_Ts_fine = [ 0.72237 ];
subjinfo.val_sdRT_Ts_fine = [ 0.32243 ];
subjinfo.inval_meanRT_Ts_fine = [ 0.64428 ];
subjinfo.inval_sdRT_Ts_fine = [ 0.15234 ];
subjinfo.emg_data = 'yes';
