subjinfo.allFp_Ts = [  ];
subjinfo.allOmissions_Ts = [  ];
subjinfo.allHits_Ts = [ 3    9   13   14   21   22   26   27   35   36   40   44   45   54   55   59   60   64   67   68   78   82   83   87   88   92   99  100  107  108  113  114  118  119  123  124  127  134  136  143  149  150  153  157  170  171  175  176  180  181  184  185  188  189  197  210  211  215  220  221  224  229  233  234  243  244  249  252  255  256  261  265  266  270  275  280  281  284  289  291  296  299  302  303  308  309  319  320  330  331    2    5    8   12   17   20   29   34   39   43   49   53   58   63   66   70   73   75   77   81   86   91   96  102  105  112  117  122  126  130  133  139  142  146  152  156  159  163  165  169  174  179  183  187  193  196  201  204  207  209  214  219  223  228  232  237  240  242  248  254  258  260  264  269  274  279  283  288  293  298  301  307  312  316  318  324  327  329    1    7   11   16   19   24   25   31   32   33   38   42   47   48   51   52   57   62   72   80   85   90   94   95   98  104  110  111  116  120  121  132  138  141  145  148  155  161  162  164  167  168  173  178  191  192  195  199  200  203  206  213  217  218  226  227  231  236  239  246  247  251  263  268  272  273  277  278  286  287  294  295  305  306  311  314  315  322  323  326  333  334    4    6   10   15   18   23   28   30   37   41   46   50   56   61   65   69   71   74   76   79   84   89   93   97  101  103  106  109  115  125  128  129  131  135  137  140  144  147  151  154  158  160  166  172  177  182  186  190  194  198  202  205  208  212  216  222  225  230  235  238  241  245  250  253  257  259  262  267  271  276  282  285  290  292  297  300  304  310  313  317  321  325  328  332  335 ];
subjinfo.nFP_Ts = [ 0 ];
subjinfo.nOmissions_Ts = [ 0 ];
subjinfo.nHits_Ts = [ 335 ];
subjinfo.AN_meanRT_Ts = [ 0.69317 ];
subjinfo.AN_sdRT_Ts = [ 0.31641 ];
subjinfo.HA_meanRT_Ts = [ 0.51394 ];
subjinfo.HA_sdRT_Ts = [ 0.39558 ];
subjinfo.val_meanRT_Ts = [ 0.76753 ];
subjinfo.val_sdRT_Ts = [ 0.32035 ];
subjinfo.inval_meanRT_Ts = [ 0.67517 ];
subjinfo.inval_sdRT_Ts = [ 0.30991 ];
subjinfo.AN_val_1_nOmissionTrials_Ts_fine = [ 0 ];
subjinfo.AN_val_1_nFpTrials_Ts_fine = [ 0 ];
subjinfo.AN_val_1_nHitTrials_Ts_fine = [ 52 ];
subjinfo.AN_val_2_nOmissionTrials_Ts_fine = [ 0 ];
subjinfo.AN_val_2_nFpTrials_Ts_fine = [ 0 ];
subjinfo.AN_val_2_nHitTrials_Ts_fine = [ 29 ];
subjinfo.AN_inval_1_nOmissionTrials_Ts_fine = [ 0 ];
subjinfo.AN_inval_1_nFpTrials_Ts_fine = [ 0 ];
subjinfo.AN_inval_1_nHitTrials_Ts_fine = [ 13 ];
subjinfo.AN_inval_2_nOmissionTrials_Ts_fine = [ 0 ];
subjinfo.AN_inval_2_nFpTrials_Ts_fine = [ 0 ];
subjinfo.AN_inval_2_nHitTrials_Ts_fine = [ 26 ];
subjinfo.AN_inval_3_nOmissionTrials_Ts_fine = [ 0 ];
subjinfo.AN_inval_3_nFpTrials_Ts_fine = [ 0 ];
subjinfo.AN_inval_3_nHitTrials_Ts_fine = [ 33 ];
subjinfo.HA_val_1_nOmissionTrials_Ts_fine = [ 0 ];
subjinfo.HA_val_1_nFpTrials_Ts_fine = [ 3 ];
subjinfo.HA_val_1_nHitTrials_Ts_fine = [ 51 ];
subjinfo.HA_val_2_nOmissionTrials_Ts_fine = [ 0 ];
subjinfo.HA_val_2_nFpTrials_Ts_fine = [ 3 ];
subjinfo.HA_val_2_nHitTrials_Ts_fine = [ 22 ];
subjinfo.HA_inval_1_nOmissionTrials_Ts_fine = [ 0 ];
subjinfo.HA_inval_1_nFpTrials_Ts_fine = [ 2 ];
subjinfo.HA_inval_1_nHitTrials_Ts_fine = [ 16 ];
subjinfo.HA_inval_2_nOmissionTrials_Ts_fine = [ 0 ];
subjinfo.HA_inval_2_nFpTrials_Ts_fine = [ 2 ];
subjinfo.HA_inval_2_nHitTrials_Ts_fine = [ 20 ];
subjinfo.HA_inval_3_nOmissionTrials_Ts_fine = [ 0 ];
subjinfo.HA_inval_3_nFpTrials_Ts_fine = [ 3 ];
subjinfo.HA_inval_3_nHitTrials_Ts_fine = [ 38 ];
subjinfo.AN_val_1_meanRT_Ts_fine = [ 0.76983 ];
subjinfo.AN_val_1_sdRT_Ts_fine = [ 0.33694 ];
subjinfo.AN_val_2_meanRT_Ts_fine = [ 0.71417 ];
subjinfo.AN_val_2_sdRT_Ts_fine = [ 0.30247 ];
subjinfo.AN_inval_1_meanRT_Ts_fine = [ 0.83774 ];
subjinfo.AN_inval_1_sdRT_Ts_fine = [ 0.31571 ];
subjinfo.AN_inval_2_meanRT_Ts_fine = [ 0.69712 ];
subjinfo.AN_inval_2_sdRT_Ts_fine = [ 0.26281 ];
subjinfo.AN_inval_3_meanRT_Ts_fine = [ 0.53125 ];
subjinfo.AN_inval_3_sdRT_Ts_fine = [ 0.24865 ];
subjinfo.HA_val_1_meanRT_Ts_fine = [ 1.1088 ];
subjinfo.HA_val_1_sdRT_Ts_fine = [ 0.53064 ];
subjinfo.HA_val_2_meanRT_Ts_fine = [ 1.1499 ];
subjinfo.HA_val_2_sdRT_Ts_fine = [ 0.61238 ];
subjinfo.HA_inval_1_meanRT_Ts_fine = [ 1.1172 ];
subjinfo.HA_inval_1_sdRT_Ts_fine = [ 0.69147 ];
subjinfo.HA_inval_2_meanRT_Ts_fine = [ 1.2816 ];
subjinfo.HA_inval_2_sdRT_Ts_fine = [ 0.50324 ];
subjinfo.HA_inval_3_meanRT_Ts_fine = [ 1.0705 ];
subjinfo.HA_inval_3_sdRT_Ts_fine = [ 0.57031 ];
subjinfo.AN_val_1_propHit_Ts_fine = [ 1 ];
subjinfo.AN_val_1_propOm_Ts_fine = [ 0 ];
subjinfo.AN_val_1_propFP_Ts_fine = [ 0 ];
subjinfo.AN_val_2_propHit_Ts_fine = [ 1 ];
subjinfo.AN_val_2_propOm_Ts_fine = [ 0 ];
subjinfo.AN_val_2_propFP_Ts_fine = [ 0 ];
subjinfo.AN_inval_1_propHit_Ts_fine = [ 1 ];
subjinfo.AN_inval_1_propOm_Ts_fine = [ 0 ];
subjinfo.AN_inval_1_propFP_Ts_fine = [ 0 ];
subjinfo.AN_inval_2_propHit_Ts_fine = [ 1 ];
subjinfo.AN_inval_2_propOm_Ts_fine = [ 0 ];
subjinfo.AN_inval_2_propFP_Ts_fine = [ 0 ];
subjinfo.AN_inval_3_propHit_Ts_fine = [ 1 ];
subjinfo.AN_inval_3_propOm_Ts_fine = [ 0 ];
subjinfo.AN_inval_3_propFP_Ts_fine = [ 0 ];
subjinfo.HA_val_1_propHit_Ts_fine = [ 0.94444 ];
subjinfo.HA_val_1_propOm_Ts_fine = [ 0 ];
subjinfo.HA_val_1_propFP_Ts_fine = [ 0.055556 ];
subjinfo.HA_val_2_propHit_Ts_fine = [ 0.88 ];
subjinfo.HA_val_2_propOm_Ts_fine = [ 0 ];
subjinfo.HA_val_2_propFP_Ts_fine = [ 0.12 ];
subjinfo.HA_inval_1_propHit_Ts_fine = [ 0.88889 ];
subjinfo.HA_inval_1_propOm_Ts_fine = [ 0 ];
subjinfo.HA_inval_1_propFP_Ts_fine = [ 0.11111 ];
subjinfo.HA_inval_2_propHit_Ts_fine = [ 0.90909 ];
subjinfo.HA_inval_2_propOm_Ts_fine = [ 0 ];
subjinfo.HA_inval_2_propFP_Ts_fine = [ 0.090909 ];
subjinfo.HA_inval_3_propHit_Ts_fine = [ 0.92683 ];
subjinfo.HA_inval_3_propOm_Ts_fine = [ 0 ];
subjinfo.HA_inval_3_propFP_Ts_fine = [ 0.073171 ];
subjinfo.allFp_Ts_fine = [ 124  234  268  101  130  209  113  353  137  157   23   50  203 ];
subjinfo.allOmissions_Ts_fine = [  ];
subjinfo.allHits_Ts_fine = [ 3    9   13   21   27   38   43   48   58   63   68   72   83   87   98  106  115  121  126  132  136  145  148  156  164  168  192  197  201  205  214  227  232  237  241  246  250  260  266  271  274  281  285  302  306  311  314  321  324  327  344  355   22   39   44   49   64   73   88   93  107  122  127  133  165  187  193  198  202  206  228  238  251  261  275  286  297  303  328  334  356    5   30   75  109  135  138  147  174  204  273  305  313  323   12   17   20   33   42   62   67   71   78   86  105  112  125  155  163  171  196  221  224  231  249  254  257  284  337  352   26   53   57   80  102  114  120  131  140  144  152  160  178  185  191  210  218  226  236  245  259  265  270  280  290  301  310  320  332  341  343  349  354    7   11   16   19   24   32   35   41   46   51   61   66   70   77   85   90   95  100  104  111  118  129  142  154  158  162  170  176  180  183  195  208  212  216  220  223  230  243  248  253  256  277  288  293  299  308  318  336  339  347  351   25   36   56   96  119  143  151  159  177  184  217  235  244  264  289  294  300  309  319  331  348  359   18   34   54   79  103  153  161  182  211  219  222  225  258  279  342  350   10   69   84   99  146  149  169  173  215  233  242  247  272  282  292  307  312  315  322  325    6   15   29   31   40   45   60   65   74   76   81   89  108  110  117  123  128  134  139  141  166  175  188  194  199  207  229  239  252  262  276  287  298  304  329  335  346  357 ];
subjinfo.nFP_Ts_fine = [ 13 ];
subjinfo.nOmissions_Ts_fine = [ 0 ];
subjinfo.nHits_Ts_fine = [ 300 ];
subjinfo.AN_meanRT_Ts_fine = [ 0.70124 ];
subjinfo.AN_sdRT_Ts_fine = [ 0.31097 ];
subjinfo.HA_meanRT_Ts_fine = [ 1.1295 ];
subjinfo.HA_sdRT_Ts_fine = [ 0.56497 ];
subjinfo.val_meanRT_Ts_fine = [ 0.7499 ];
subjinfo.val_sdRT_Ts_fine = [ 0.32422 ];
subjinfo.inval_meanRT_Ts_fine = [ 0.74399 ];
