subjinfo.allFp_Ts = [ 355 ];
subjinfo.allOmissions_Ts = [  ];
subjinfo.allHits_Ts = [ 1    2    7   10   14   17   22   27   28   31   41   46   47   54   57   64   68   69   76   77   80   84   91   94   95  100  105  106  113  114  123  127  128  132  133  137  138  144  145  149  152  159  162  163  167  170  174  175  180  193  194  201  206  207  212  213  219  220  228  229  232  233  240  241  247  253  254  257  258  261  266  275  276  283  292  293  298  303  304  309  310  315  319  329  330  334  335  338  342  351  352    6    9   13   16   21   26   30   33   37   40   45   50   53   56   61   63   67   71   75   79   83   87   90   93   99  104  108  112  118  122  126  131  136  141  143  148  151  154  158  161  166  169  173  179  184  188  192  197  200  205  211  215  218  223  227  231  237  244  246  249  252  256  260  265  270  274  280  282  287  289  291  295  297  302  308  314  318  322  325  328  333  337  341  346  350  354    4    5   12   19   20   24   25   35   36   39   43   44   49   52   59   60   66   73   74   82   86   89   97   98  102  103  110  111  116  117  120  121  125  130  135  140  147  156  157  165  172  177  178  182  183  186  187  190  191  196  199  203  204  209  210  217  222  225  226  235  236  239  243  251  263  264  268  269  272  273  278  279  285  286  300  301  306  307  312  313  317  321  324  327  332  340  344  345  348  349    3    8   11   15   18   23   29   32   34   38   42   48   51   55   58   62   65   70   72   78   81   85   88   92   96  101  107  109  115  119  124  129  134  139  142  146  150  153  155  160  164  168  171  176  181  185  189  195  198  202  208  214  216  221  224  230  234  238  242  245  248  250  255  259  262  267  271  277  281  284  288  290  294  296  299  305  311  316  320  323  326  331  336  339  343  347  353 ];
subjinfo.nFP_Ts = [ 1 ];
subjinfo.nOmissions_Ts = [ 0 ];
subjinfo.nHits_Ts = [ 354 ];
subjinfo.AN_meanRT_Ts = [ 0.35593 ];
subjinfo.AN_sdRT_Ts = [ 0.072602 ];
subjinfo.HA_meanRT_Ts = [ 0.28279 ];
subjinfo.HA_sdRT_Ts = [ 0.060303 ];
subjinfo.val_meanRT_Ts = [ 0.36745 ];
subjinfo.val_sdRT_Ts = [ 0.068102 ];
subjinfo.inval_meanRT_Ts = [ 0.36182 ];
subjinfo.inval_sdRT_Ts = [ 0.077275 ];
subjinfo.AN_val_1_nOmissionTrials_Ts_fine = [ 0 ];
subjinfo.AN_val_1_nFpTrials_Ts_fine = [ 0 ];
subjinfo.AN_val_1_nHitTrials_Ts_fine = [ 61 ];
subjinfo.AN_val_2_nOmissionTrials_Ts_fine = [ 0 ];
subjinfo.AN_val_2_nFpTrials_Ts_fine = [ 0 ];
subjinfo.AN_val_2_nHitTrials_Ts_fine = [ 30 ];
subjinfo.AN_inval_1_nOmissionTrials_Ts_fine = [ 0 ];
subjinfo.AN_inval_1_nFpTrials_Ts_fine = [ 0 ];
subjinfo.AN_inval_1_nHitTrials_Ts_fine = [ 20 ];
subjinfo.AN_inval_2_nOmissionTrials_Ts_fine = [ 0 ];
subjinfo.AN_inval_2_nFpTrials_Ts_fine = [ 0 ];
subjinfo.AN_inval_2_nHitTrials_Ts_fine = [ 26 ];
subjinfo.AN_inval_3_nOmissionTrials_Ts_fine = [ 0 ];
subjinfo.AN_inval_3_nFpTrials_Ts_fine = [ 0 ];
subjinfo.AN_inval_3_nHitTrials_Ts_fine = [ 38 ];
subjinfo.HA_val_1_nOmissionTrials_Ts_fine = [ 0 ];
subjinfo.HA_val_1_nFpTrials_Ts_fine = [ 0 ];
subjinfo.HA_val_1_nHitTrials_Ts_fine = [ 59 ];
subjinfo.HA_val_2_nOmissionTrials_Ts_fine = [ 0 ];
subjinfo.HA_val_2_nFpTrials_Ts_fine = [ 0 ];
subjinfo.HA_val_2_nHitTrials_Ts_fine = [ 33 ];
subjinfo.HA_inval_1_nOmissionTrials_Ts_fine = [ 0 ];
subjinfo.HA_inval_1_nFpTrials_Ts_fine = [ 0 ];
subjinfo.HA_inval_1_nHitTrials_Ts_fine = [ 18 ];
subjinfo.HA_inval_2_nOmissionTrials_Ts_fine = [ 0 ];
subjinfo.HA_inval_2_nFpTrials_Ts_fine = [ 0 ];
subjinfo.HA_inval_2_nHitTrials_Ts_fine = [ 31 ];
subjinfo.HA_inval_3_nOmissionTrials_Ts_fine = [ 1 ];
subjinfo.HA_inval_3_nFpTrials_Ts_fine = [ 0 ];
subjinfo.HA_inval_3_nHitTrials_Ts_fine = [ 36 ];
subjinfo.AN_val_1_meanRT_Ts_fine = [ 0.35028 ];
subjinfo.AN_val_1_sdRT_Ts_fine = [ 0.063263 ];
subjinfo.AN_val_2_meanRT_Ts_fine = [ 0.3724 ];
subjinfo.AN_val_2_sdRT_Ts_fine = [ 0.06858 ];
subjinfo.AN_inval_1_meanRT_Ts_fine = [ 0.36328 ];
subjinfo.AN_inval_1_sdRT_Ts_fine = [ 0.051977 ];
subjinfo.AN_inval_2_meanRT_Ts_fine = [ 0.34044 ];
subjinfo.AN_inval_2_sdRT_Ts_fine = [ 0.083127 ];
subjinfo.AN_inval_3_meanRT_Ts_fine = [ 0.31394 ];
subjinfo.AN_inval_3_sdRT_Ts_fine = [ 0.067202 ];
subjinfo.HA_val_1_meanRT_Ts_fine = [ 0.32018 ];
subjinfo.HA_val_1_sdRT_Ts_fine = [ 0.10655 ];
subjinfo.HA_val_2_meanRT_Ts_fine = [ 0.30398 ];
subjinfo.HA_val_2_sdRT_Ts_fine = [ 0.037891 ];
subjinfo.HA_inval_1_meanRT_Ts_fine = [ 0.30382 ];
subjinfo.HA_inval_1_sdRT_Ts_fine = [ 0.057215 ];
subjinfo.HA_inval_2_meanRT_Ts_fine = [ 0.28251 ];
subjinfo.HA_inval_2_sdRT_Ts_fine = [ 0.050955 ];
subjinfo.HA_inval_3_meanRT_Ts_fine = [ 0.31185 ];
subjinfo.HA_inval_3_sdRT_Ts_fine = [ 0.13814 ];
subjinfo.AN_val_1_propHit_Ts_fine = [ 1 ];
subjinfo.AN_val_1_propOm_Ts_fine = [ 0 ];
subjinfo.AN_val_1_propFP_Ts_fine = [ 0 ];
subjinfo.AN_val_2_propHit_Ts_fine = [ 1 ];
subjinfo.AN_val_2_propOm_Ts_fine = [ 0 ];
subjinfo.AN_val_2_propFP_Ts_fine = [ 0 ];
subjinfo.AN_inval_1_propHit_Ts_fine = [ 1 ];
subjinfo.AN_inval_1_propOm_Ts_fine = [ 0 ];
subjinfo.AN_inval_1_propFP_Ts_fine = [ 0 ];
subjinfo.AN_inval_2_propHit_Ts_fine = [ 1 ];
subjinfo.AN_inval_2_propOm_Ts_fine = [ 0 ];
subjinfo.AN_inval_2_propFP_Ts_fine = [ 0 ];
subjinfo.AN_inval_3_propHit_Ts_fine = [ 1 ];
subjinfo.AN_inval_3_propOm_Ts_fine = [ 0 ];
subjinfo.AN_inval_3_propFP_Ts_fine = [ 0 ];
subjinfo.HA_val_1_propHit_Ts_fine = [ 1 ];
subjinfo.HA_val_1_propOm_Ts_fine = [ 0 ];
subjinfo.HA_val_1_propFP_Ts_fine = [ 0 ];
subjinfo.HA_val_2_propHit_Ts_fine = [ 1 ];
subjinfo.HA_val_2_propOm_Ts_fine = [ 0 ];
subjinfo.HA_val_2_propFP_Ts_fine = [ 0 ];
subjinfo.HA_inval_1_propHit_Ts_fine = [ 1 ];
subjinfo.HA_inval_1_propOm_Ts_fine = [ 0 ];
subjinfo.HA_inval_1_propFP_Ts_fine = [ 0 ];
subjinfo.HA_inval_2_propHit_Ts_fine = [ 1 ];
subjinfo.HA_inval_2_propOm_Ts_fine = [ 0 ];
subjinfo.HA_inval_2_propFP_Ts_fine = [ 0 ];
subjinfo.HA_inval_3_propHit_Ts_fine = [ 0.97297 ];
subjinfo.HA_inval_3_propOm_Ts_fine = [ 0.027027 ];
subjinfo.HA_inval_3_propFP_Ts_fine = [ 0 ];
subjinfo.allFp_Ts_fine = [  ];
subjinfo.allOmissions_Ts_fine = [ 261 ];
subjinfo.allHits_Ts_fine = [ 1    7   10   14   17   22   27   31   41   46   54   57   65   69   77   81   85   92   95  101  106  114  124  128  133  138  145  151  154  161  164  169  173  177  183  196  204  209  215  222  231  245  252  255  259  263  267  272  281  289  298  304  309  315  321  325  335  340  344  348  357    2   28   47   70   78   96  107  115  129  134  146  165  170  178  197  210  216  223  232  236  246  260  264  282  299  310  316  336  341  358    9   16   30   33   56   72   80   94  109  153  156  163  172  218  234  254  262  266  301  343   13   40   50   53   64   68   84   88   91  127  137  142  168  176  200  203  221  226  249  258  324  328  331  334  339  347    6   21   26   37   45   61   76  100  105  113  119  123  144  150  160  182  187  191  195  208  214  230  244  251  271  276  280  286  288  293  295  297  303  308  314  320  352  356    4   12   19   24   35   39   43   49   52   59   63   67   74   83   87   90   98  103  111  117  121  126  131  136  141  148  158  167  175  180  185  189  193  199  202  206  212  220  225  228  238  242  257  269  274  278  284  291  306  312  318  323  327  330  333  338  346  350  354    5   20   25   36   44   60   75   99  104  112  118  122  149  159  181  186  190  194  207  213  229  239  243  270  275  279  285  292  307  313  319  351  355   38   51   62   89  120  143  188  192  201  227  241  250  277  287  294  329  332  353    8   11   15   18   23   32   42   55   58   66   82   86   93  102  125  152  155  162  174  184  205  253  256  268  273  290  305  322  326  345  349    3   29   34   48   71   73   79   97  108  110  116  130  140  147  157  166  171  179  198  211  217  219  224  233  237  247  265  283  296  300  302  311  317  337  342  359 ];
subjinfo.nFP_Ts_fine = [ 0 ];
subjinfo.nOmissions_Ts_fine = [ 1 ];
subjinfo.nHits_Ts_fine = [ 352 ];
