subjinfo.allFp_Ts = [ 301  302  120 ];
subjinfo.allOmissions_Ts = [  ];
subjinfo.allHits_Ts = [ 1    2    5    6   11   12   16   20   29   33   40   41   44   53   56   60   64   69   74   75   88   89   94  101  106  107  111  114  115  118  121  122  125  132  133  137  148  149  157  158  161  165  173  174  179  186  193  196  201  204  208  212  217  218  221  222  228  229  241  244  248  249  253  254  257  266  267  272  273  278  279  284  285  294  295  310  311  321  324  328  329  336  337  344  349  350  355    4   10   15   19   22   26   28   36   39   43   47   50   52   55   59   63   68   73   79   83   87   93   98  100  105  110  113  117  124  129  131  136  140  143  147  152  156  160  164  168  172  178  183  185  189  192  195  200  203  207  211  216  220  225  227  233  236  240  243  247  252  256  259  263  265  271  277  283  289  293  298  300  305  309  314  316  320  323  327  331  335  339  343  348  352  354    8    9   14   18   24   25   31   32   35   38   46   49   58   62   66   67   71   72   77   78   81   82   85   86   91   92   96   97  103  104  109  127  128  135  139  142  145  146  151  154  155  163  167  170  171  176  177  181  182  188  191  198  199  206  210  214  215  224  231  232  235  238  239  246  251  261  262  269  270  275  276  281  282  287  288  291  292  297  304  307  308  313  318  319  326  333  334  341  342  346  347  351    3    7   13   17   21   23   27   30   34   37   42   45   48   51   54   57   61   65   70   76   80   84   90   95   99  102  108  112  116  119  123  126  130  134  138  141  144  150  153  159  162  166  169  175  180  184  187  190  194  197  202  205  209  213  219  223  226  230  234  237  242  245  250  255  258  260  264  268  274  280  286  290  296  299  303  306  312  315  317  322  325  330  332  338  340  345  353 ];
subjinfo.nFP_Ts = [ 3 ];
subjinfo.nOmissions_Ts = [ 0 ];
subjinfo.nHits_Ts = [ 352 ];
subjinfo.AN_meanRT_Ts = [ 0.55157 ];
subjinfo.AN_sdRT_Ts = [ 0.24453 ];
subjinfo.HA_meanRT_Ts = [ 0.33677 ];
subjinfo.HA_sdRT_Ts = [ 0.11078 ];
subjinfo.val_meanRT_Ts = [ 0.53125 ];
subjinfo.val_sdRT_Ts = [ 0.2266 ];
subjinfo.inval_meanRT_Ts = [ 0.61441 ];
subjinfo.inval_sdRT_Ts = [ 0.31572 ];
subjinfo.AN_val_1_nOmissionTrials_Ts_fine = [ 1 ];
subjinfo.AN_val_1_nFpTrials_Ts_fine = [ 0 ];
subjinfo.AN_val_1_nHitTrials_Ts_fine = [ 60 ];
subjinfo.AN_val_2_nOmissionTrials_Ts_fine = [ 0 ];
subjinfo.AN_val_2_nFpTrials_Ts_fine = [ 1 ];
subjinfo.AN_val_2_nHitTrials_Ts_fine = [ 27 ];
subjinfo.AN_inval_1_nOmissionTrials_Ts_fine = [ 0 ];
subjinfo.AN_inval_1_nFpTrials_Ts_fine = [ 0 ];
subjinfo.AN_inval_1_nHitTrials_Ts_fine = [ 17 ];
subjinfo.AN_inval_2_nOmissionTrials_Ts_fine = [ 0 ];
subjinfo.AN_inval_2_nFpTrials_Ts_fine = [ 0 ];
subjinfo.AN_inval_2_nHitTrials_Ts_fine = [ 27 ];
subjinfo.AN_inval_3_nOmissionTrials_Ts_fine = [ 1 ];
subjinfo.AN_inval_3_nFpTrials_Ts_fine = [ 0 ];
subjinfo.AN_inval_3_nHitTrials_Ts_fine = [ 41 ];
subjinfo.HA_val_1_nOmissionTrials_Ts_fine = [ 1 ];
subjinfo.HA_val_1_nFpTrials_Ts_fine = [ 0 ];
subjinfo.HA_val_1_nHitTrials_Ts_fine = [ 59 ];
subjinfo.HA_val_2_nOmissionTrials_Ts_fine = [ 0 ];
subjinfo.HA_val_2_nFpTrials_Ts_fine = [ 0 ];
subjinfo.HA_val_2_nHitTrials_Ts_fine = [ 32 ];
subjinfo.HA_inval_1_nOmissionTrials_Ts_fine = [ 0 ];
subjinfo.HA_inval_1_nFpTrials_Ts_fine = [ 0 ];
subjinfo.HA_inval_1_nHitTrials_Ts_fine = [ 22 ];
subjinfo.HA_inval_2_nOmissionTrials_Ts_fine = [ 0 ];
subjinfo.HA_inval_2_nFpTrials_Ts_fine = [ 0 ];
subjinfo.HA_inval_2_nHitTrials_Ts_fine = [ 31 ];
subjinfo.HA_inval_3_nOmissionTrials_Ts_fine = [ 0 ];
subjinfo.HA_inval_3_nFpTrials_Ts_fine = [ 0 ];
subjinfo.HA_inval_3_nHitTrials_Ts_fine = [ 33 ];
subjinfo.AN_val_1_meanRT_Ts_fine = [ 0.53216 ];
subjinfo.AN_val_1_sdRT_Ts_fine = [ 0.24482 ];
subjinfo.AN_val_2_meanRT_Ts_fine = [ 0.48872 ];
subjinfo.AN_val_2_sdRT_Ts_fine = [ 0.11831 ];
subjinfo.AN_inval_1_meanRT_Ts_fine = [ 0.61121 ];
subjinfo.AN_inval_1_sdRT_Ts_fine = [ 0.29422 ];
subjinfo.AN_inval_2_meanRT_Ts_fine = [ 0.56424 ];
subjinfo.AN_inval_2_sdRT_Ts_fine = [ 0.29495 ];
subjinfo.AN_inval_3_meanRT_Ts_fine = [ 0.54154 ];
subjinfo.AN_inval_3_sdRT_Ts_fine = [ 0.19401 ];
subjinfo.HA_val_1_meanRT_Ts_fine = [ 0.37632 ];
subjinfo.HA_val_1_sdRT_Ts_fine = [ 0.14299 ];
subjinfo.HA_val_2_meanRT_Ts_fine = [ 0.35254 ];
subjinfo.HA_val_2_sdRT_Ts_fine = [ 0.077664 ];
subjinfo.HA_inval_1_meanRT_Ts_fine = [ 0.33026 ];
subjinfo.HA_inval_1_sdRT_Ts_fine = [ 0.095354 ];
subjinfo.HA_inval_2_meanRT_Ts_fine = [ 0.30469 ];
subjinfo.HA_inval_2_sdRT_Ts_fine = [ 0.070341 ];
subjinfo.HA_inval_3_meanRT_Ts_fine = [ 0.32292 ];
subjinfo.HA_inval_3_sdRT_Ts_fine = [ 0.093274 ];
subjinfo.AN_val_1_propHit_Ts_fine = [ 0.98361 ];
subjinfo.AN_val_1_propOm_Ts_fine = [ 0.016393 ];
subjinfo.AN_val_1_propFP_Ts_fine = [ 0 ];
subjinfo.AN_val_2_propHit_Ts_fine = [ 0.96429 ];
subjinfo.AN_val_2_propOm_Ts_fine = [ 0 ];
subjinfo.AN_val_2_propFP_Ts_fine = [ 0.035714 ];
subjinfo.AN_inval_1_propHit_Ts_fine = [ 1 ];
subjinfo.AN_inval_1_propOm_Ts_fine = [ 0 ];
subjinfo.AN_inval_1_propFP_Ts_fine = [ 0 ];
subjinfo.AN_inval_2_propHit_Ts_fine = [ 1 ];
subjinfo.AN_inval_2_propOm_Ts_fine = [ 0 ];
subjinfo.AN_inval_2_propFP_Ts_fine = [ 0 ];
subjinfo.AN_inval_3_propHit_Ts_fine = [ 0.97619 ];
subjinfo.AN_inval_3_propOm_Ts_fine = [ 0.02381 ];
subjinfo.AN_inval_3_propFP_Ts_fine = [ 0 ];
subjinfo.HA_val_1_propHit_Ts_fine = [ 0.98333 ];
subjinfo.HA_val_1_propOm_Ts_fine = [ 0.016667 ];
subjinfo.HA_val_1_propFP_Ts_fine = [ 0 ];
subjinfo.HA_val_2_propHit_Ts_fine = [ 1 ];
subjinfo.HA_val_2_propOm_Ts_fine = [ 0 ];
subjinfo.HA_val_2_propFP_Ts_fine = [ 0 ];
subjinfo.HA_inval_1_propHit_Ts_fine = [ 1 ];
subjinfo.HA_inval_1_propOm_Ts_fine = [ 0 ];
subjinfo.HA_inval_1_propFP_Ts_fine = [ 0 ];
subjinfo.HA_inval_2_propHit_Ts_fine = [ 1 ];
subjinfo.HA_inval_2_propOm_Ts_fine = [ 0 ];
subjinfo.HA_inval_2_propFP_Ts_fine = [ 0 ];
subjinfo.HA_inval_3_propHit_Ts_fine = [ 1 ];
subjinfo.HA_inval_3_propOm_Ts_fine = [ 0 ];
subjinfo.HA_inval_3_propFP_Ts_fine = [ 0 ];
subjinfo.allFp_Ts_fine = [ 305 ];
subjinfo.allOmissions_Ts_fine = [ 304  319  344 ];
subjinfo.allHits_Ts_fine = [ 1    5   11   16   20   29   34   41   45   54   57   61   65   70   75   89   95  102  107  112  115  119  122  126  133  138  149  158  162  166  174  180  188  192  196  199  204  207  211  215  220  224  231  244  247  251  256  260  269  275  287  297  313  324  327  331  339  347  352  359    2    6   12   42   76   90  108  116  123  134  150  159  175  181  221  232  252  257  270  276  282  288  298  314  332  340  353    4   22   44   56  114  118  121  125  161  198  206  223  246  259  326  334  342   15   19   37   40   48   51   60   64  111  137  141  144  153  165  169  191  210  214  228  239  250  255  301  308  317  330  356   10   26   28   33   53   69   74   80   84   88   94   99  101  106  130  132  148  157  173  179  185  187  203  219  230  236  243  266  268  274  280  286  292  296  303  312  323  338  346  351  358    8   14   18   24   31   36   39   47   50   59   63   67   72   78   82   86   92   97  104  110  128  136  140  143  146  152  155  164  168  171  177  183  190  194  201  209  213  217  227  234  238  241  249  254  264  272  278  284  290  294  300  307  310  316  321  329  336  349  355    9   25   32   68   73   79   83   87   93   98  105  129  147  156  172  178  184  202  218  235  242  265  273  279  285  291  295  311  322  337  345  350   27   38   49   52   81   85  100  131  142  145  154  170  186  229  237  240  267  293  302  309  318  357   17   21   30   35   46   55   58   62   66   71   96  103  113  120  139  163  167  189  193  197  200  205  208  212  216  245  248  261  325  328  348    3    7   13   23   43   77   91  109  117  124  135  151  160  176  222  226  233  253  258  263  271  277  283  289  299  306  315  320  333  335  341  343  354 ];
subjinfo.nFP_Ts_fine = [ 1 ];
subjinfo.nOmissions_Ts_fine = [ 3 ];
subjinfo.nHits_Ts_fine = [ 349 ];
