subjinfo.emg_data = 'yes';
subjinfo.emg_data = 'yes';
subjinfo.emg_data = 'yes';
subjinfo.emg_data = 'yes';
subjinfo.nErrors_Ts = [ 0 ];
subjinfo.allErrors_Ts = [  ];
subjinfo.cleanTrials_Ts = [ 1    2    3    4    5    6    7    8    9   10   11   12   13   14   15   16   17   18   19   20   21   22   23   24   25   26   27   28   29   30   31   32   33   34   35   36   37   38   39   40   41   42   43   44   45   46   47   48   49   50   51   52   53   54   55   56   57   58   59   60   61   62   63   64   65   66   67   68   69   70   71   72   73   74   75   76   77   78   79   80   81   82   83   84   85   86   87   88   89   90   91   92   93   94   95   96   97   98   99  100  101  102  103  104  105  106  107  108  109  110  111  112  113  114  115  116  117  118  119  120  121  122  123  124  125  126  127  128  129  130  131  132  133  134  135  136  137  138  139  140  141  142  143  144  145  146  147  148  149  150  151  152  153  154  155  156  157  158  159  160  161  162  163  164  165  166  167  168  169  170  171  172  173  174  175  176  177  178  179  180  181  182  183  184  185  186  187  188  189  190  191  192  193  194  195  196  197  198  199  200  201  202  203  204  205  206  207  208  209  210  211  212  213  214  215  216  217  218  219  220  221  222  223  224  225  226  227  228  229  230  231  232  233  234  235  236  237  238  239  240  241  242  243  244  245  246  247  248  249  250  251  252  253  254  255  256  257  258  259  260  261  262  263  264  265  266  267  268  269  270  271  272  273  274  275  276  277  278  279  280  281  282  283  284  285  286  287  288  289  290  291  292  293  294  295  296  297  298  299  300  301  302  303  304  305  306  307  308  309  310  311  312  313  314  315  316  317  318  319  320  321  322  323  324  325  326  327  328  329  330  331  332  333  334  335  336  337  338  339  340  341  342  343  344  345  346  347  348  349  350  351  352  353  354  355  356  357  358  359  360 ];
subjinfo.nCleanTrials_Ts = [ 360 ];
subjinfo.isExcluded_Ts = 'no';
subjinfo.allFp_Ts = [ 319  360 ];
subjinfo.allOmissions_Ts = [  ];
subjinfo.allHits_Ts = [ 5    6   10   13   20   25   30   33   38   39   44   47   50   51   59   62   67   74   75   79   82   83   88   89   92   93   97  106  111  118  119  124  125  133  137  138  141  142  147  150  151  162  163  168  177  180  181  186  187  190  194  198  201  205  208  209  214  215  222  223  227  231  244  249  253  260  264  265  270  271  276  279  284  285  290  291  295  296  301  302  306  309  310  324  325  332  337  338  343  344  347  348  356  357    2    4    9   12   15   19   24   29   32   37   43   46   49   55   58   61   66   71   73   78   81   87   91   96  101  105  110  115  117  123  129  132  136  140  146  149  154  157  159  161  167  172  176  179  185  189  193  197  200  204  207  213  219  221  226  230  234  237  240  243  248  252  256  259  263  269  275  278  283  289  294  300  305  308  312  315  323  327  331  336  342  346  350  352  355    1    8   17   18   22   23   27   28   35   36   41   42   53   54   57   64   65   69   70   77   85   86   95   99  100  103  104  108  109  113  114  121  122  127  128  131  135  144  145  153  156  165  166  170  171  174  175  183  184  192  196  203  211  212  217  218  225  229  233  236  239  242  246  247  251  255  258  262  267  268  273  274  281  282  287  288  293  298  299  304  314  317  318  321  322  329  330  334  335  340  341  354  359    3    7   11   14   16   21   26   31   34   40   45   48   52   56   60   63   68   72   76   80   84   90   94   98  102  107  112  116  120  126  130  134  139  143  148  152  155  158  160  164  169  173  178  182  188  191  195  199  202  206  210  216  220  224  228  232  235  238  241  245  250  254  257  261  266  272  277  280  286  292  297  303  307  311  313  316  320  326  328  333  339  345  349  351  353  358 ];
subjinfo.nFP_Ts = [ 2 ];
subjinfo.nOmissions_Ts = [ 0 ];
subjinfo.nHits_Ts = [ 358 ];
subjinfo.AN_meanRT_Ts = [ 0.35492 ];
subjinfo.AN_sdRT_Ts = [ 0.043828 ];
subjinfo.HA_meanRT_Ts = [ 0.3001 ];
subjinfo.HA_sdRT_Ts = [ 0.053134 ];
subjinfo.val_meanRT_Ts = [ 0.34159 ];
subjinfo.val_sdRT_Ts = [ 0.039061 ];
subjinfo.inval_meanRT_Ts = [ 0.37279 ];
subjinfo.inval_sdRT_Ts = [ 0.048122 ];
subjinfo.AN_val_1_nOmissionTrials_Ts_fine = [ 0 ];
subjinfo.AN_val_1_nFpTrials_Ts_fine = [ 0 ];
subjinfo.AN_val_1_nHitTrials_Ts_fine = [ 64 ];
subjinfo.AN_val_2_nOmissionTrials_Ts_fine = [ 0 ];
subjinfo.AN_val_2_nFpTrials_Ts_fine = [ 0 ];
subjinfo.AN_val_2_nHitTrials_Ts_fine = [ 30 ];
subjinfo.AN_inval_1_nOmissionTrials_Ts_fine = [ 0 ];
subjinfo.AN_inval_1_nFpTrials_Ts_fine = [ 0 ];
subjinfo.AN_inval_1_nHitTrials_Ts_fine = [ 20 ];
subjinfo.AN_inval_2_nOmissionTrials_Ts_fine = [ 0 ];
subjinfo.AN_inval_2_nFpTrials_Ts_fine = [ 0 ];
subjinfo.AN_inval_2_nHitTrials_Ts_fine = [ 26 ];
subjinfo.AN_inval_3_nOmissionTrials_Ts_fine = [ 1 ];
subjinfo.AN_inval_3_nFpTrials_Ts_fine = [ 0 ];
subjinfo.AN_inval_3_nHitTrials_Ts_fine = [ 39 ];
subjinfo.HA_val_1_nOmissionTrials_Ts_fine = [ 0 ];
subjinfo.HA_val_1_nFpTrials_Ts_fine = [ 0 ];
subjinfo.HA_val_1_nHitTrials_Ts_fine = [ 60 ];
subjinfo.HA_val_2_nOmissionTrials_Ts_fine = [ 0 ];
subjinfo.HA_val_2_nFpTrials_Ts_fine = [ 0 ];
subjinfo.HA_val_2_nHitTrials_Ts_fine = [ 33 ];
subjinfo.HA_inval_1_nOmissionTrials_Ts_fine = [ 0 ];
subjinfo.HA_inval_1_nFpTrials_Ts_fine = [ 0 ];
subjinfo.HA_inval_1_nHitTrials_Ts_fine = [ 16 ];
subjinfo.HA_inval_2_nOmissionTrials_Ts_fine = [ 0 ];
subjinfo.HA_inval_2_nFpTrials_Ts_fine = [ 0 ];
subjinfo.HA_inval_2_nHitTrials_Ts_fine = [ 34 ];
subjinfo.HA_inval_3_nOmissionTrials_Ts_fine = [ 0 ];
subjinfo.HA_inval_3_nFpTrials_Ts_fine = [ 0 ];
subjinfo.HA_inval_3_nHitTrials_Ts_fine = [ 36 ];
subjinfo.AN_val_1_meanRT_Ts_fine = [ 0.33716 ];
subjinfo.AN_val_1_sdRT_Ts_fine = [ 0.039524 ];
subjinfo.AN_val_2_meanRT_Ts_fine = [ 0.32422 ];
subjinfo.AN_val_2_sdRT_Ts_fine = [ 0.038149 ];
subjinfo.AN_inval_1_meanRT_Ts_fine = [ 0.36758 ];
subjinfo.AN_inval_1_sdRT_Ts_fine = [ 0.05838 ];
subjinfo.AN_inval_2_meanRT_Ts_fine = [ 0.35757 ];
subjinfo.AN_inval_2_sdRT_Ts_fine = [ 0.0393 ];
subjinfo.AN_inval_3_meanRT_Ts_fine = [ 0.36358 ];
subjinfo.AN_inval_3_sdRT_Ts_fine = [ 0.039991 ];
subjinfo.HA_val_1_meanRT_Ts_fine = [ 0.36276 ];
subjinfo.HA_val_1_sdRT_Ts_fine = [ 0.061673 ];
subjinfo.HA_val_2_meanRT_Ts_fine = [ 0.33641 ];
subjinfo.HA_val_2_sdRT_Ts_fine = [ 0.068775 ];
subjinfo.HA_inval_1_meanRT_Ts_fine = [ 0.34863 ];
subjinfo.HA_inval_1_sdRT_Ts_fine = [ 0.065419 ];
subjinfo.HA_inval_2_meanRT_Ts_fine = [ 0.36512 ];
subjinfo.HA_inval_2_sdRT_Ts_fine = [ 0.052472 ];
subjinfo.HA_inval_3_meanRT_Ts_fine = [ 0.37218 ];
subjinfo.HA_inval_3_sdRT_Ts_fine = [ 0.074705 ];
subjinfo.AN_val_1_propHit_Ts_fine = [ 1 ];
subjinfo.AN_val_1_propOm_Ts_fine = [ 0 ];
subjinfo.AN_val_1_propFP_Ts_fine = [ 0 ];
subjinfo.AN_val_2_propHit_Ts_fine = [ 1 ];
subjinfo.AN_val_2_propOm_Ts_fine = [ 0 ];
subjinfo.AN_val_2_propFP_Ts_fine = [ 0 ];
subjinfo.AN_inval_1_propHit_Ts_fine = [ 1 ];
subjinfo.AN_inval_1_propOm_Ts_fine = [ 0 ];
subjinfo.AN_inval_1_propFP_Ts_fine = [ 0 ];
subjinfo.AN_inval_2_propHit_Ts_fine = [ 1 ];
subjinfo.AN_inval_2_propOm_Ts_fine = [ 0 ];
subjinfo.AN_inval_2_propFP_Ts_fine = [ 0 ];
subjinfo.AN_inval_3_propHit_Ts_fine = [ 0.975 ];
subjinfo.AN_inval_3_propOm_Ts_fine = [ 0.025 ];
subjinfo.AN_inval_3_propFP_Ts_fine = [ 0 ];
subjinfo.HA_val_1_propHit_Ts_fine = [ 1 ];
subjinfo.HA_val_1_propOm_Ts_fine = [ 0 ];
subjinfo.HA_val_1_propFP_Ts_fine = [ 0 ];
subjinfo.HA_val_2_propHit_Ts_fine = [ 1 ];
subjinfo.HA_val_2_propOm_Ts_fine = [ 0 ];
subjinfo.HA_val_2_propFP_Ts_fine = [ 0 ];
subjinfo.HA_inval_1_propHit_Ts_fine = [ 1 ];
subjinfo.HA_inval_1_propOm_Ts_fine = [ 0 ];
subjinfo.HA_inval_1_propFP_Ts_fine = [ 0 ];
subjinfo.HA_inval_2_propHit_Ts_fine = [ 1 ];
subjinfo.HA_inval_2_propOm_Ts_fine = [ 0 ];
subjinfo.HA_inval_2_propFP_Ts_fine = [ 0 ];
subjinfo.HA_inval_3_propHit_Ts_fine = [ 1 ];
